589
say 6 17 18 21 30 41 43 45 58 63 70 87 90 97 109 123 138 155 229 331 396 424 448 449 475
bag 3 7 8 11 15 19 20 21 22 26 32 39 45 54 55 69 72 75 132 190 240 245 345 408
cot 9 24 25 31 36 37 38 52 57 64 68 78 112 114 119 136 137 139 167 185 208 217 308
lag 1 10 11 15 26 27 32 39 45 54 55 58 69 144 145 186 187 190 226 240 261 292 323
mad 7 11 12 14 27 28 30 35 40 41 59 82 85 88 91 92 98 104 189 227 324 360 390
pap 6 10 12 13 16 20 23 34 42 43 59 86 89 116 117 130 148 194 197 241 299 329 416
sap 0 5 10 12 16 17 18 20 23 30 34 45 66 86 89 95 123 130 148 155 241 331 367
bad 1 4 8 14 19 20 21 27 30 35 59 72 82 85 88 98 104 163 165 243 345 408
bat 1 7 13 18 19 20 21 28 29 36 49 51 56 72 74 84 100 115 215 277 345 408
cow 2 24 25 37 38 48 52 78 93 102 111 113 129 136 137 147 166 193 208 238 308 370
lap 3 5 6 12 16 20 23 27 34 58 86 89 130 144 145 148 186 188 223 241 261 292
mag 1 3 4 12 15 26 28 32 39 40 41 45 54 55 69 91 92 190 227 240 295 360
map 4 5 6 10 11 16 20 23 28 34 40 41 86 89 91 92 130 148 227 228 241 360
pat 5 8 18 28 29 36 42 43 44 49 56 59 84 115 116 118 119 120 194 215 277 416
rad 4 7 15 16 27 29 30 35 59 61 62 63 82 85 88 98 104 122 151 198 301 418
rag 1 3 11 14 16 26 29 32 39 45 54 55 61 62 63 69 151 154 190 230 240 418
rap 5 6 10 12 14 15 20 23 29 34 61 62 63 86 89 130 148 151 152 241 418 419
san 0 6 18 19 30 33 40 42 45 46 47 53 62 76 79 94 99 123 126 155 331 337
sat 0 6 8 13 17 28 29 30 31 36 45 49 56 65 84 96 115 123 155 215 277 331
ban 1 7 8 17 20 21 33 40 42 50 53 62 72 73 76 79 99 133 337 345 408
bap 1 5 6 7 8 10 12 16 19 21 23 34 72 86 89 130 134 148 241 345 408
bay 0 1 7 8 19 20 41 43 58 63 70 72 87 90 109 138 229 246 307 345 408
bug 1 50 51 75 103 107 132 142 149 154 165 216 226 245 247 248 276 291 295 307 378
cap 5 6 10 12 16 20 25 34 35 36 76 77 86 89 130 135 148 166 207 241 380
cob 2 9 25 37 38 52 78 101 121 124 135 136 137 174 180 208 209 225 266 289 308
cop 2 9 23 24 37 38 52 66 78 128 134 136 137 183 188 197 208 228 251 308 380
fag 1 3 11 15 32 39 45 53 54 55 69 82 83 84 171 172 175 190 216 240 314
lad 3 4 7 10 14 30 35 58 59 82 85 88 98 104 144 145 186 261 292 293 322
mat 4 8 11 12 13 18 29 36 40 41 49 56 84 91 92 115 215 227 265 277 360
rat 8 13 14 15 16 18 28 36 49 56 61 62 63 64 84 115 151 199 215 277 418
sad 0 4 6 7 14 17 18 27 35 45 59 82 85 88 98 104 123 125 155 331 333
sot 2 18 47 48 57 64 65 66 68 96 97 112 114 119 124 125 139 185 217 366 398
tag 1 3 11 15 26 33 34 39 45 49 54 55 69 157 159 190 201 240 276 368 450
tan 17 19 32 34 40 42 49 53 62 67 76 79 99 127 157 158 201 235 337 368 450
tap 5 6 10 12 16 20 23 32 33 49 86 89 128 130 148 157 201 202 241 368 450
cad 4 7 14 23 27 30 36 37 59 76 77 82 85 88 98 104 135 166 207 309
cat 2 8 13 18 23 28 29 35 49 56 76 77 84 115 135 166 167 207 215 277
cod 2 9 24 25 35 38 52 78 122 125 136 137 181 189 208 308 309 327 328 354
con 2 9 24 25 37 47 52 67 76 78 80 136 137 208 237 269 308 375 387 410
jag 1 3 11 15 26 32 45 54 55 69 89 90 184 190 221 222 240 258 290 291
man 4 11 12 17 19 28 33 41 42 53 62 76 79 91 92 99 227 264 337 360
may 0 4 11 12 21 28 40 43 58 63 70 87 90 91 92 109 138 227 229 360
pan 5 13 17 19 33 40 43 53 59 60 62 76 79 99 116 150 194 196 337 416
pay 0 5 13 21 41 42 58 59 63 70 87 90 109 116 138 194 229 394 416 521
pet 13 60 65 74 118 119 120 146 177 191 195 206 236 259 265 278 298 299 362 417
sag 0 1 3 6 11 15 17 18 26 30 32 39 54 55 69 123 155 190 240 331
sen 17 47 60 65 73 94 105 108 126 127 156 161 176 178 200 260 264 332 395 421
son 17 31 38 46 48 66 67 80 94 97 124 125 126 237 269 366 375 387 398 410
sow 9 31 47 66 93 97 102 111 113 123 124 125 129 147 156 193 238 366 370 398
tat 8 13 18 28 29 32 33 34 36 56 68 84 115 157 201 203 215 277 368 450
bun 19 22 51 73 81 103 126 133 150 165 234 235 247 248 252 254 307 361 378
but 8 22 50 74 100 103 120 143 165 167 199 247 248 255 296 297 307 319 378
coo 2 9 24 25 37 38 78 136 137 153 160 164 208 263 267 279 308 355 426
fan 17 19 26 33 40 42 62 76 79 82 83 84 99 108 140 171 252 314 337
gag 1 3 11 15 26 32 39 45 55 69 85 86 87 190 240 253 353 386 411
hag 1 3 11 15 26 32 39 45 54 56 69 88 109 141 142 182 190 240 357
hat 8 13 18 28 29 36 49 55 57 84 88 109 110 115 141 143 215 277 357
hot 2 31 56 64 68 110 111 112 114 119 139 143 180 181 182 183 185 217 288
lay 0 3 10 21 27 41 43 63 70 87 90 109 138 144 145 186 229 261 292
pad 4 5 7 13 14 27 30 35 42 43 82 85 88 98 104 116 194 328 416
pen 42 44 46 73 105 108 127 150 161 176 178 195 196 260 264 298 299 362 417
ram 14 15 16 29 62 63 141 151 155 186 207 233 258 272 284 302 363 374 418
ran 14 15 16 17 19 29 33 40 42 53 61 63 76 79 99 151 234 337 418
ray 0 14 15 16 21 29 41 43 58 61 62 70 87 90 109 138 151 229 418
rot 2 29 31 57 68 93 112 114 119 121 122 139 153 185 199 217 231 302 420
set 18 31 44 46 74 96 146 156 177 191 200 206 236 259 265 278 332 395 421
sop 6 25 31 47 48 95 97 124 125 128 134 183 188 197 228 251 366 367 398
ton 33 38 47 68 80 127 128 129 158 159 160 204 235 237 269 275 375 387 410
tot 2 31 49 57 64 67 112 114 119 128 129 139 159 160 185 203 204 217 275
wag 1 3 11 15 26 32 39 45 54 55 70 98 99 190 205 240 371 372 399
way 0 21 41 43 58 63 69 87 90 98 99 109 138 205 229 371 399 453 501
are 131 162 242 280 281 283 305 306 313 343 344 376 392 429 440 446 484 505
bar 1 7 8 19 20 21 77 83 91 116 157 184 205 248 270 312 345 408
ben 19 46 50 60 74 105 108 127 133 161 176 178 243 244 245 260 264 430
bet 8 44 51 65 73 100 146 177 191 206 236 243 244 245 259 265 278 430
bog 1 22 78 101 102 132 134 159 164 169 175 182 187 245 246 290 347 377
can 17 19 23 33 35 36 38 40 42 53 62 77 79 99 135 166 207 337
car 23 35 36 72 76 83 91 116 135 136 157 166 184 205 207 270 310 312
cog 2 9 24 25 37 38 52 75 136 137 159 169 175 182 187 208 290 308
dan 17 19 33 40 42 53 62 76 80 81 99 104 105 106 138 249 284 337
don 38 47 67 79 81 105 106 139 168 169 237 269 375 381 387 409 410 431
dun 50 79 80 105 106 107 126 150 170 214 234 235 252 254 285 361 432 463
fad 4 7 14 26 27 30 35 53 59 83 84 85 88 98 104 171 314 349
far 26 53 72 77 82 84 91 116 157 171 184 205 270 312 314 316 351 385
fat 8 13 18 26 28 29 36 49 53 56 82 83 115 171 173 215 277 314
gad 4 7 14 27 30 35 54 59 82 86 87 88 98 104 253 353 354 411
gap 5 6 10 12 16 20 23 34 54 85 87 89 130 148 241 253 353 411
gay 0 21 41 43 54 58 63 70 85 86 90 109 138 229 253 353 411 492
had 4 7 14 27 30 35 55 56 59 82 85 98 104 109 141 181 219 357
jap 5 6 10 12 16 20 23 34 39 86 90 130 148 184 221 222 241 258
jay 0 21 39 41 43 58 63 70 87 89 109 138 184 221 222 229 258 412
mar 4 11 12 28 40 41 72 77 83 92 116 157 184 205 227 270 312 360
maw 4 11 12 28 40 41 91 113 123 145 151 166 194 222 227 294 339 360
row 9 48 64 102 111 113 121 122 129 147 151 153 193 231 238 302 370 420
sin 17 46 47 95 96 106 126 133 140 158 196 303 317 320 365 397 422 423
sip 6 66 94 96 117 152 179 202 213 223 268 340 341 365 367 397 422 423
sit 18 31 65 94 95 100 110 118 173 192 203 224 304 321 365 397 422 423
soy 0 31 47 48 66 124 125 137 246 275 366 396 398 412 424 448 449 475
wad 4 7 14 27 30 35 59 69 70 82 85 88 99 104 205 371 399 400
wan 17 19 33 40 42 53 62 69 70 76 79 98 205 237 303 337 371 399
bit 8 51 74 96 110 118 132 133 163 173 192 203 224 304 321 346 487
bob 24 75 102 103 121 124 134 164 174 180 225 246 266 289 346 347 377
bow 9 48 75 93 101 111 113 129 134 147 164 193 238 246 347 370 377
bub 22 50 51 101 165 170 209 232 247 248 257 273 300 307 346 369 378
dad 4 7 14 27 30 35 59 79 82 85 88 98 138 211 249 284 285
den 46 60 73 79 80 81 106 108 127 161 176 178 210 260 264 311 461
din 79 80 81 94 105 133 140 158 196 211 212 213 250 303 317 320 348
dug 22 81 142 149 154 169 170 212 214 216 226 276 285 291 295 432 463
fen 46 53 60 73 105 127 140 161 176 178 252 260 264 286 287 349 509
hay 0 21 41 43 55 56 58 63 70 87 88 90 138 141 229 357 437
hit 56 57 96 100 118 143 173 179 192 203 219 224 256 304 321 438 439
how 9 48 57 93 102 113 129 147 180 181 182 183 193 218 238 288 370
lot 2 31 57 64 68 114 119 139 146 147 185 187 188 217 224 225 263
mow 9 48 92 93 102 111 129 147 189 193 228 238 266 267 294 370 442
not 2 31 57 64 68 112 119 139 185 191 192 193 217 269 296 327 444
oat 8 13 18 28 29 36 49 56 84 215 270 277 297 498 516 517 520
par 5 13 42 43 59 72 77 83 91 157 184 194 205 270 312 416 417
pip 5 95 118 152 179 196 197 202 213 223 268 271 299 329 340 341 393
pit 13 44 96 100 110 117 119 120 173 192 196 203 224 271 304 321 393
pot 2 13 31 44 57 64 68 112 114 118 120 139 185 197 217 328 472
put 13 44 51 118 119 143 149 150 167 199 255 296 297 300 319 329 473
rob 24 64 93 101 122 124 153 174 180 225 231 232 266 289 302 364 420
rod 14 37 64 93 121 125 153 181 189 198 231 301 302 327 328 354 420
saw 0 6 17 18 30 45 48 92 145 151 155 156 166 194 222 331 339
sob 24 31 47 48 66 97 101 121 125 174 180 225 266 273 289 366 398
sod 30 31 37 47 48 66 97 122 124 181 189 327 328 333 354 366 398
sun 17 46 47 50 81 94 150 234 235 252 254 273 333 334 335 361 367
ten 33 46 60 67 73 105 108 158 161 176 178 235 260 264 274 425 451
top 25 34 66 67 68 129 134 159 160 183 188 197 202 204 228 251 275
tow 9 48 67 68 93 102 111 113 128 147 159 160 193 204 238 275 370
yap 5 6 10 12 16 20 23 34 86 89 148 241 339 340 374 402 528
ale 71 162 242 280 281 283 305 306 342 343 344 405 406 427 445 483
big 1 22 75 100 133 163 172 212 230 245 271 346 372 386 403 487
bin 19 50 73 94 100 106 132 140 158 163 196 303 317 320 346 487
bop 20 25 66 75 101 102 128 164 183 188 197 228 246 251 347 377
cab 23 24 35 36 76 77 144 166 171 201 207 209 221 249 253 325
cor 2 9 24 25 37 38 52 77 78 137 208 308 310 316 381 444
coy 2 9 24 25 37 38 52 78 97 136 208 246 275 308 412 460
day 0 21 41 43 58 63 70 79 87 90 104 109 229 249 284 462
dot 2 31 57 64 68 80 112 114 119 168 169 185 217 381 409 431
fin 53 94 106 108 133 158 172 173 196 252 303 317 320 350 351 384
ham 55 56 61 88 109 155 186 207 220 256 258 284 318 357 374 510
hug 22 55 107 143 149 154 182 216 220 226 257 276 291 295 358 493
hut 51 56 57 110 120 142 167 199 220 255 257 296 297 319 358 493
lab 3 10 27 58 135 145 171 186 201 221 225 249 253 261 292 325
law 3 10 27 58 92 123 144 147 151 166 186 194 222 261 292 339
let 44 65 74 112 177 191 206 224 236 259 262 265 278 322 323 413
low 9 48 93 102 111 112 113 129 145 187 188 193 225 238 263 370
nap 5 6 10 12 16 20 23 34 86 89 130 190 229 241 268 325
pug 22 107 120 142 150 154 216 226 271 276 291 295 298 300 329 473
pun 42 50 60 81 120 126 149 196 234 235 252 254 300 329 361 473
raw 14 15 16 29 61 62 63 92 93 123 145 166 194 222 339 418
rip 16 95 117 179 198 202 213 223 230 268 272 340 341 364 419 474
roo 52 64 93 121 122 160 164 231 263 267 279 302 355 420 426 568
rug 15 22 107 142 149 199 216 226 230 232 233 234 276 291 295 330
sam 0 6 17 18 30 45 61 123 141 186 207 258 284 331 335 374
sew 46 48 65 123 195 200 218 239 287 294 311 326 332 359 395 421
tar 32 33 34 49 72 77 83 91 116 184 201 205 270 312 368 450
tin 33 67 94 106 127 133 140 196 202 203 235 303 317 320 336 476
tog 32 67 68 75 78 128 129 160 169 175 182 187 204 275 276 290
too 52 67 68 128 129 153 159 164 204 263 267 275 279 355 426 579
yen 46 60 73 105 108 127 176 178 206 239 260 264 375 401 402 480
aye 71 131 242 280 281 283 305 306 343 344 382 383 441 447 459
bid 7 100 132 133 165 198 211 219 243 282 293 324 346 388 487
boo 52 75 101 102 134 153 160 246 263 267 279 347 355 377 426
bud 7 22 50 51 103 163 243 247 248 285 307 309 333 378 390
caw 9 23 35 36 76 77 92 123 135 145 151 194 207 222 339
cut 2 36 51 120 143 199 209 255 296 297 309 310 319 379 380
doe 80 139 169 204 210 214 231 250 288 315 373 381 382 409 431
dog 75 78 80 107 139 159 168 175 182 187 212 290 381 409 431
dub 81 103 107 209 214 232 249 257 273 285 300 369 432 461 463
fab 26 53 82 83 84 135 144 174 201 221 249 253 314 325 350
fig 26 132 140 173 175 212 216 230 271 350 351 372 384 386 403
fit 84 96 100 110 118 140 172 192 203 224 304 321 350 351 384
fob 24 101 121 124 171 175 180 225 251 266 289 315 316 350 352
fog 26 75 78 159 169 172 174 182 187 216 251 290 315 316 352
gen 46 60 73 105 108 127 161 177 178 254 260 264 317 435 467
get 44 65 74 146 176 191 206 217 236 255 259 265 278 435 467
hen 46 60 73 105 108 127 161 176 218 260 264 318 436 437 468
hip 95 110 117 152 183 202 213 219 223 256 268 340 341 438 439
hob 24 57 101 111 121 124 174 181 182 183 225 257 266 288 289
hod 37 57 88 111 122 125 180 182 183 189 219 288 327 328 354
hog 55 57 75 78 111 142 159 169 175 180 181 183 187 288 290
hop 25 57 66 111 128 134 179 180 181 182 188 197 228 251 288
jar 39 72 77 83 89 90 91 116 157 205 221 222 258 270 312
jot 2 31 57 64 68 112 114 119 139 217 259 289 290 319 412
lam 3 10 27 58 61 141 144 145 155 207 258 261 284 292 374
log 3 75 78 112 147 159 169 175 182 188 225 226 263 290 323
lop 10 25 66 112 128 134 147 183 187 197 223 225 228 251 263
mod 4 37 113 122 125 181 228 266 267 324 327 328 354 390 442
nag 1 3 11 15 26 32 39 45 54 55 69 148 229 240 325
net 44 65 74 114 146 177 192 206 236 259 265 278 296 326 391
nit 96 100 110 114 118 173 191 203 224 268 296 304 321 443 496
now 9 48 93 102 111 113 114 129 147 238 269 326 327 370 444
paw 5 13 42 43 59 92 116 123 145 151 166 195 222 339 416
pew 44 60 156 194 218 239 287 294 298 299 311 326 359 362 417
pin 42 60 94 106 117 118 133 140 150 158 271 303 317 320 393
pop 5 25 66 117 119 128 134 183 188 228 251 299 328 329 472
rid 14 122 152 163 211 219 230 272 282 293 301 324 364 388 474
rut 29 51 64 120 143 154 167 232 233 234 255 296 297 319 330
see 46 65 156 210 244 262 274 286 332 334 338 391 395 421 524
tab 32 33 34 49 135 144 157 171 221 249 253 325 368 369 450
tip 34 95 117 128 152 158 179 203 213 223 268 336 340 341 476
tit 49 68 96 100 110 118 158 173 192 202 224 304 321 336 476
toe 67 68 128 129 159 160 168 231 274 275 288 315 336 373 499
war 69 70 72 77 83 91 98 99 116 157 184 270 312 371 399
yet 44 65 74 146 161 177 191 236 239 259 265 278 401 402 480
cam 23 35 36 61 76 77 135 141 155 166 186 258 284 374
cox 2 9 24 25 37 38 52 78 136 137 308 347 352 472
cub 24 103 135 167 170 232 257 273 300 309 310 369 379 380
dee 105 168 200 214 244 250 262 274 286 311 338 382 391 461
did 104 106 163 198 212 213 219 250 282 285 293 324 348 388
dig 106 107 132 169 172 211 213 230 250 271 348 372 386 403
dip 95 106 117 152 179 202 211 212 223 250 268 340 341 348
due 81 107 168 170 210 250 285 330 334 358 379 382 432 463
eat 8 13 18 28 29 36 49 56 84 115 277 312 558 559
fug 22 26 107 142 149 154 172 175 226 252 276 291 295 385
got 2 31 57 64 68 112 114 119 139 177 185 255 354 355
hew 111 156 178 195 239 287 294 311 318 326 359 436 437 468
hid 88 110 163 179 181 198 211 256 282 293 324 388 438 439
hum 141 142 143 233 247 256 257 318 335 356 358 414 493 510
jab 39 89 90 135 144 171 184 201 222 249 253 258 289 325
jaw 39 89 90 92 123 145 151 166 184 194 221 258 339 359
lip 10 95 117 152 179 188 202 213 224 268 293 340 341 389
lit 96 100 110 112 118 146 173 192 203 223 293 304 321 389
lob 24 101 112 121 124 144 147 174 180 187 188 263 266 289
lug 3 22 107 142 149 154 187 216 276 291 295 323 470 515
mas 4 11 12 28 40 41 91 92 261 353 357 360 371 565
mop 12 25 66 113 128 134 183 188 189 197 251 266 267 442
nay 0 21 41 43 58 63 70 87 90 109 138 148 190 325
rig 15 132 152 154 172 198 212 271 272 364 372 386 403 474
roe 64 93 121 122 153 168 204 288 302 315 330 373 420 447
rub 103 121 154 170 199 209 233 234 257 273 300 330 364 369
rum 61 154 199 220 232 234 247 272 302 330 335 356 363 414
run 50 62 81 126 150 154 199 232 233 235 252 254 330 361
tun 33 50 67 81 126 127 150 158 234 252 254 276 361 369
wet 44 65 74 146 177 191 206 259 265 278 304 338 400 526
won 38 47 67 80 99 238 269 279 303 373 375 387 410 527
wow 9 48 93 102 111 113 129 147 193 237 279 370 373 527
yew 156 161 195 206 218 287 294 311 326 339 359 401 402 480
zag 1 3 11 15 26 32 39 45 54 55 69 190 241 403
zap 5 6 10 12 16 20 23 34 86 89 130 148 240 341
awe 71 131 162 280 281 283 305 306 343 344 415 466 554
bed 7 73 74 163 165 244 245 301 322 349 400 425 430
bee 73 74 200 210 243 245 262 274 286 338 391 430 459
beg 1 22 73 74 75 132 243 244 298 323 430 469 477
boy 21 75 97 101 102 134 137 164 275 307 347 377 412
bum 22 50 51 103 165 220 233 248 307 335 356 378 414
bur 22 50 51 72 103 165 247 307 310 378 385 470 471
dab 79 104 135 138 144 170 171 201 221 253 284 325 461
die 106 168 210 211 212 213 214 336 348 382 389 393 478
fop 25 66 128 134 174 175 183 188 197 228 315 316 352
fun 50 53 81 108 126 140 150 216 234 235 254 361 385
gab 54 85 86 87 135 144 171 201 221 249 325 353 411
gun 50 81 126 150 176 234 235 252 255 317 356 361 492
gut 51 120 143 167 177 199 217 254 296 297 319 356 492
him 110 141 179 219 220 272 318 348 404 438 439 479 510
hub 103 142 143 170 180 209 220 232 273 300 358 369 493
jam 39 61 89 90 141 155 184 186 207 221 222 284 374
jet 44 65 74 146 177 185 191 206 236 265 278 319 359
ken 46 60 73 105 108 127 161 176 178 264 320 469 541
las 3 10 27 58 144 145 186 227 292 353 357 371 564
lee 146 200 210 244 274 286 322 323 338 389 391 413 441
loo 52 112 147 153 160 164 187 188 225 267 279 355 426
men 40 46 60 73 105 108 127 161 176 178 260 265 294
met 28 44 65 74 146 177 191 206 236 259 264 278 294
mob 24 101 113 121 124 174 180 189 225 228 267 289 442
moo 52 113 153 160 164 189 228 263 266 279 355 426 442
nip 95 117 148 152 179 192 202 213 223 340 341 443 496
non 38 47 67 80 114 193 237 327 361 375 387 410 444
oar 72 77 83 91 115 116 157 184 205 312 471 516 517
pig 117 118 132 149 172 196 212 230 298 372 386 393 403
rim 61 152 198 230 233 256 302 348 363 364 404 474 479
sub 103 124 126 170 209 232 257 300 333 334 335 367 369
tee 127 200 204 210 244 262 286 336 338 391 425 451 499
toy 67 68 97 128 129 137 159 160 204 246 412 452 500
tug 22 32 107 142 149 154 159 216 226 235 291 295 369
vat 8 13 18 28 29 36 49 56 84 115 215 278 337
vet 44 65 74 146 177 191 206 236 259 265 277 477 525
woo 52 153 160 164 237 238 263 267 355 373 426 527 550
ace 71 131 162 242 281 283 305 306 343 344 454 511
age 71 131 162 242 280 283 305 306 343 344 481 503
aid 163 198 211 219 293 324 388 404 456 458 482 502
ave 71 131 162 242 280 281 305 306 343 344 465 495
dam 61 79 104 138 141 155 186 207 249 258 348 374
dud 81 104 107 165 170 211 214 309 333 390 432 463
fee 108 200 210 244 262 274 287 315 338 349 391 509
few 108 156 195 218 239 286 294 311 326 349 359 509
hoe 57 111 168 180 181 182 183 204 231 315 358 373
job 24 101 121 124 174 180 185 221 225 266 290 412
jog 39 75 78 159 169 175 182 185 187 289 291 412
jug 22 39 107 142 149 154 216 226 276 290 295 319
lax 3 10 27 58 144 145 186 261 314 368 399 515
lid 27 163 198 211 219 223 224 282 322 324 388 389
mew 92 113 156 195 218 239 264 265 287 311 326 359
mug 11 22 107 142 149 154 216 226 276 291 390 414
nut 51 114 120 143 167 191 192 199 255 297 319 361
out 51 115 120 143 167 199 255 296 319 471 498 520
peg 44 60 149 195 245 271 299 323 362 417 469 477
pep 5 44 60 117 195 197 298 329 362 402 417 419
pub 103 120 149 150 170 209 232 257 273 329 369 473
red 14 122 198 243 322 349 363 400 419 425 522 523
rom 61 64 93 121 122 153 231 233 272 363 420 442
win 94 99 106 133 140 158 196 237 304 317 320 372
wit 96 100 110 118 173 192 203 224 236 303 321 372
abe 71 131 162 242 280 281 283 306 343 344 551
ape 71 131 162 242 280 281 283 305 343 344 428
buy 21 22 50 51 103 165 246 247 248 378 492
col 2 9 24 25 37 38 52 78 136 137 208
cud 35 37 165 167 209 285 310 333 379 380 390
cur 77 136 167 209 248 309 379 380 385 470 471
dew 105 156 195 210 218 239 287 294 326 359 461
ear 72 77 83 91 116 157 184 205 215 270 508
ere 71 383 392 440 446 465 466 488 491 507 508
fax 26 53 82 83 84 171 292 352 368 384 399
foe 168 174 175 204 231 251 286 288 316 352 373
for 83 136 174 175 251 315 351 352 381 385 444
gin 94 106 133 140 158 176 196 254 303 320 386
hem 141 178 218 220 256 363 435 436 437 468 510
jut 51 120 143 167 185 199 255 259 291 296 297
kin 94 106 133 140 158 196 260 303 317 321 388
kit 96 100 110 118 173 192 203 224 304 320 388
led 27 146 243 262 293 301 323 349 400 413 425
leg 3 146 187 226 245 262 298 322 413 469 477
mid 4 163 189 198 211 219 282 293 388 390 542
nab 135 144 148 171 190 201 221 229 249 253 443
new 156 191 193 195 218 239 287 294 311 359 391
nod 37 114 122 125 181 189 193 269 328 354 444
pod 37 59 119 122 125 181 189 197 327 354 472
pup 5 117 120 149 150 197 299 300 367 380 473
rue 154 199 214 231 232 233 234 334 358 379 447
sac 0 6 17 18 30 45 123 155 360 365 421
sea 46 65 156 200 362 395 401 413 421 451 569
sud 30 125 126 165 273 285 309 334 335 367 390
sue 126 200 214 273 330 333 335 358 367 379 524
sum 126 155 220 233 247 273 333 334 356 367 414
tie 158 202 203 204 250 274 389 393 476 478 499
van 17 19 33 40 42 53 62 76 79 99 277
wee 200 210 236 244 262 274 286 373 391 400 526
yaw 92 123 130 145 151 166 194 222 239 374 528
yip 95 117 130 152 179 202 213 223 268 341 402
zip 95 117 152 179 202 213 223 241 268 340 403
alt 131 376 405 406 407 427 428 454 455 483
ate 71 131 162 242 280 281 283 305 306 344
axe 71 131 162 242 280 281 283 305 306 343
baa 1 7 8 19 20 21 72 377 408 533
bib 100 101 103 132 133 163 350 364 443 487
box 75 101 102 134 164 208 246 352 377 472
dim 106 211 212 213 250 256 272 284 404 479
fed 82 108 243 286 287 301 322 400 425 509
fib 140 171 172 173 174 346 351 364 384 443
fir 83 140 172 173 316 350 384 385 422 482
fox 174 175 208 251 314 315 316 347 384 472
gas 54 85 86 87 227 253 261 357 371 411
god 37 85 122 125 181 189 217 327 328 355
goo 52 153 160 164 217 263 267 279 354 426
gum 220 233 247 254 255 335 414 435 492 561
has 55 56 88 109 141 227 261 353 371 439
hue 142 143 214 220 257 288 330 334 379 493
jew 156 195 218 222 239 259 287 294 311 326
mac 4 11 12 28 40 41 91 92 227 331
nun 50 81 126 150 234 235 252 254 269 296
pea 44 60 195 298 299 332 401 413 417 451
rem 61 233 272 301 302 318 419 435 522 523
rib 121 152 198 230 232 272 346 350 443 474
sic 94 95 96 331 397 421 422 423 438 476
soh 31 47 48 66 97 124 125 398 409 567
sup 6 66 95 126 273 329 333 334 335 380
tax 32 33 34 49 157 201 292 314 399 450
tub 103 170 201 209 232 235 257 273 276 300
vow 9 48 93 102 111 113 129 147 193 238
was 69 70 98 99 205 227 261 353 357 399
wig 69 132 172 212 230 271 303 304 386 403
woe 168 204 231 237 238 279 288 315 338 527
yam 61 130 141 155 186 207 258 284 339 528
yon 38 47 67 80 161 237 269 387 410 581
art 71 342 407 428 429 454 455 484 505
boa 75 101 102 134 164 246 345 347 533
bus 22 50 51 103 165 247 248 307 473
cue 167 209 214 309 310 330 334 358 380
cup 23 25 167 209 309 310 329 367 379
dor 80 136 139 168 169 316 409 431 444
dye 162 168 210 214 250 383 441 447 459
eye 162 313 382 441 447 459 465 466 488
fix 140 172 173 314 350 351 352 397 542
fur 83 216 248 252 310 316 351 470 471
gig 54 132 172 212 230 271 317 372 403
ion 38 47 67 80 237 269 375 410 539
kid 163 198 211 219 282 293 320 321 324
lie 223 224 250 262 293 336 393 441 478
mud 4 165 189 285 295 309 324 333 414
nee 191 200 210 244 262 274 286 326 338
ore 71 313 415 440 445 446 497 519 577
pie 117 118 196 250 271 336 389 446 478
pry 43 434 446 452 453 460 462 521 548
sex 46 65 156 200 332 397 421 436 525
shy 0 97 424 448 449 475 500 501 524
six 94 95 96 365 384 395 422 423 542
sos 31 47 48 66 97 124 125 366 423
wax 69 70 98 99 205 292 314 368 371
wed 98 236 243 301 322 338 349 425 526
yea 161 206 239 332 362 402 413 451 480
yep 130 161 206 239 299 340 401 419 480
zig 132 172 212 230 240 271 341 372 386
aim 256 272 282 348 456 479 482 484
ala 131 342 406 427 457 481 483 529
all 131 342 405 427 433 456 483 538
ant 342 376 428 454 455 457 458 504
bah 1 7 8 19 20 21 72 345
doh 80 139 168 169 366 381 431 567
eon 38 47 67 80 237 269 375 387
gal 54 85 86 87 253 353 416 467
joy 90 97 137 185 246 275 289 290
lea 146 262 322 323 332 362 401 451
mum 220 233 247 295 335 356 390 442
owe 242 392 445 466 497 519 546 547
pal 5 13 42 43 59 116 194 411
per 44 60 116 195 298 299 362 468
raj 14 15 16 29 61 62 63 151
rep 16 152 299 301 363 402 522 523
roc 64 93 121 122 153 231 302 431
sec 46 65 156 200 331 332 365 395
sir 94 95 96 351 365 397 423 482
sis 94 95 96 365 397 398 422 439
sly 0 97 396 448 449 475 521 535
ted 127 243 274 301 322 349 400 451
zoo 52 153 160 164 263 267 279 355
alp 131 342 405 406 483 486 530
apt 306 342 376 407 454 455 520
ark 71 376 484 485 505 514 553
bel 73 74 243 244 245 467 534
doc 80 139 168 169 381 409 420
dux 81 107 170 214 285 463 515
ell 406 464 489 490 506 534 538
fry 394 452 453 460 462 535 560
gem 176 177 318 356 363 467 561
hex 178 218 318 395 437 468 525
hey 109 178 218 318 436 468 541
hic 110 179 219 256 365 439 476
his 110 179 219 256 357 423 438
ire 71 313 392 446 495 511 514
lye 162 262 382 383 389 447 459
mom 113 189 228 266 267 302 414
nib 192 268 325 346 350 364 496
nor 114 136 193 269 316 327 381
ole 131 392 415 497 518 519 545
pre 71 313 392 393 394 440 548
rye 162 231 330 382 383 441 459
sky 0 97 396 424 449 475 578
spy 0 97 396 424 448 475 569
tau 32 33 34 49 157 201 368
tea 127 274 332 362 401 413 425
try 275 394 434 453 460 462 500
wry 70 394 434 452 460 462 501
act 280 342 376 407 428 455
aft 342 376 407 428 454 498
ail 282 404 406 482 496 544
ana 405 407 458 481 504 529
and 282 407 457 502 504 573
bye 162 244 382 383 441 447
cry 137 394 434 452 453 462
deb 105 170 210 249 311 526
dry 138 394 434 452 453 460
duo 81 107 170 214 285 432
els 433 489 490 506 557 564
eve 283 313 383 466 488 495
ewe 242 313 383 415 465 488
gel 176 177 411 430 435 534
her 178 218 318 417 436 437
keg 245 260 298 323 477 541
lur 226 248 310 385 471 515
our 248 270 297 310 385 470
pox 119 197 208 328 347 352
pus 120 149 150 300 329 378
ria 152 198 230 272 364 549
sty 0 97 396 424 448 449
tic 158 202 203 336 365 438
veg 245 278 298 323 469 525
vie 250 336 389 393 479 549
vim 256 272 348 404 478 549
yes 161 206 239 401 402 571
aga 281 405 457 503 529
air 282 351 404 422 456
alb 131 342 405 406 427
arm 71 376 404 429 505
ask 429 486 531 532 553
asp 427 485 530 531 532
biz 100 132 133 163 346
eke 313 383 465 466 570
elk 433 464 490 506 512
elm 433 464 489 506 518
era 313 507 508 533 574
guy 87 254 255 307 356
huh 142 143 220 257 358
ins 513 536 537 539 540
ive 283 440 465 511 563
nil 192 268 443 456 544
ode 392 415 445 519 543
oft 115 297 455 520 566
the 204 274 336 500 524
thy 275 396 452 499 501
why 70 396 453 500 550
add 282 458 543 552
ago 281 481 552 556
any 407 457 458 551
arc 71 376 429 484
elf 433 464 489 490
erg 313 491 508 555
err 312 313 491 507
fez 108 286 287 349
hmm 141 220 256 318
ice 280 440 495 562
ilk 489 513 514 538
ink 494 512 514 539
irk 429 440 512 513
lux 226 292 432 470
oaf 115 270 517 566
oak 115 270 516 528
olm 445 490 545 576
one 392 415 445 497
opt 115 297 428 498
ply 43 394 424 535
ref 301 363 419 523
rev 301 363 419 522
she 200 334 396 499
vex 278 395 436 477
web 236 338 400 461
wok 237 238 279 373
yak 130 339 374 517
aha 405 457 481
amp 427 486 575
ash 485 486 532
ass 485 486 531
bra 345 377 491
eel 430 433 467
fly 424 434 521
ids 494 537 540
ifs 494 536 540
ill 406 433 512
inn 387 494 513
its 494 536 537
key 260 437 469
mix 324 384 397
odd 497 502 545
oil 456 496 546
old 445 518 543
owl 415 544 547
own 415 546 554
pro 394 446 560
via 474 478 479
who 279 501 568
aby 305 504
ado 502 503
auk 429 485
awn 242 547
egg 507 556
ego 503 555
ems 464 572
est 215 559
ext 215 558
fro 434 548
gym 356 435
icy 511 563
ivy 495 562
lls 261 464
mrs 227 571
off 498 516
ooh 366 409
rho 153 550
spa 332 449
uke 488 580
yrs 480 565
emu 557
end 458
eta 491
imp 530
ohm 518
orb 392
ski 448
two 160
use 570
you 375
ebb
gnu
ova
qua
ufo
ups
urn
