1952
ware 1 3 4 16 20 22 28 37 49 68 69 105 106 137 211 212 307 423 553 554 555 556 676 1333
care 0 3 4 5 16 20 26 27 28 37 43 49 82 113 137 159 160 217 444 445 448 695 829
bale 3 7 8 19 24 30 31 40 64 66 71 110 118 154 214 215 303 431 737 820 821 1088
bare 0 1 2 4 8 16 20 23 24 28 37 49 71 112 137 150 151 214 215 432 820 1089
mare 0 1 3 7 16 20 28 34 37 49 54 55 125 128 137 257 258 370 371 617 618 1289
core 1 21 22 33 45 55 89 112 115 138 145 218 220 332 344 446 448 560 699 700 833
done 29 45 47 48 53 78 88 166 167 208 227 228 246 336 383 455 457 470 706 843 952
male 2 4 17 19 30 31 34 54 64 66 94 118 125 182 258 303 370 371 737 880 887
bane 2 3 24 27 32 35 47 54 56 71 72 73 78 105 149 214 215 313 418 820
bats 10 12 15 23 24 70 73 76 83 99 109 130 153 171 184 233 314 551 582 960
bots 9 15 41 42 76 77 79 85 109 156 269 278 302 322 323 337 356 368 440 1358
line 14 18 32 38 48 53 60 65 168 305 364 365 366 382 489 612 616 749 873 1285
pats 9 57 59 62 83 96 99 130 171 184 233 266 269 386 504 551 582 629 631 1298
sear 25 87 90 100 132 141 198 286 287 289 308 312 339 381 467 531 660 789 922 1055
wine 11 18 38 39 48 60 65 69 105 168 305 310 311 382 427 428 682 813 940 942
buts 9 10 62 76 80 81 109 117 158 177 195 345 443 483 502 570 627 694 1225
hare 0 1 3 4 20 28 31 37 49 137 347 350 473 474 475 595 859 1005 1128
mile 7 18 39 63 94 127 128 143 154 187 236 260 304 497 625 754 887 1031 1290
mine 11 14 17 38 48 54 60 65 128 168 259 260 305 373 382 497 620 754 1415
pale 2 7 20 30 31 56 64 66 118 131 134 187 303 503 507 628 629 737 1297
pare 0 1 3 4 16 19 21 28 37 49 56 137 384 503 507 628 630 899 1441
pore 5 20 22 33 55 89 112 134 138 145 344 389 391 513 560 769 770 899 1441
wore 0 5 21 33 55 69 89 112 138 145 344 560 814 815 944 947 948 1084 1333
bars 3 9 68 70 73 82 150 151 153 158 206 257 314 432 458 479 501 1089
bate 2 3 8 9 34 71 98 163 214 215 232 241 249 347 439 820 960 1661
bear 13 74 87 90 100 132 141 308 312 315 339 381 433 434 467 562 822 1221
came 1 27 43 86 92 113 159 160 170 197 205 217 220 231 328 695 889 967
cane 1 8 26 32 35 43 45 47 54 56 105 113 159 160 217 329 418 695
dare 0 1 3 4 16 20 37 47 49 86 118 137 163 225 450 575 576 837
dole 6 88 94 102 110 118 134 166 167 174 227 228 410 455 552 706 842 983
gale 2 7 19 31 64 66 118 170 239 240 241 242 303 465 466 737 996 1389
hale 2 7 16 19 30 50 64 66 118 174 303 347 475 595 737 1003 1269 1400
lane 8 11 27 35 47 53 54 56 92 105 179 249 358 418 484 485 609 616
lore 5 21 22 53 55 89 112 138 145 344 367 491 493 560 877 1024 1026 1576
mate 4 7 24 54 98 125 163 184 232 241 249 258 260 347 370 371 882 1034
sane 8 27 32 47 54 56 64 65 105 196 197 282 284 402 403 418 782 1054
seed 223 234 288 289 290 299 349 404 424 523 532 650 651 890 916 1064 1189 1449
tare 0 1 3 4 16 20 28 49 66 137 145 205 206 297 301 666 667 1067
tine 11 14 18 48 60 65 104 143 168 208 301 305 382 547 671 801 808 1193
wile 14 17 63 69 107 143 154 187 236 304 310 625 681 682 940 942 1081 1082
ball 2 50 131 139 148 155 157 182 240 317 327 338 422 431 821 1088 1355
bogs 10 42 70 77 79 80 156 180 219 322 323 335 440 482 598 688 716
bows 10 41 77 79 116 129 146 156 203 255 322 323 440 528 559 938 964
cake 1 26 27 71 113 125 159 160 179 189 196 211 217 230 297 446 695
caps 46 82 83 93 103 136 159 256 263 285 326 328 329 342 429 685 975
cone 5 6 27 53 78 114 115 208 218 220 246 332 383 446 470 952 974
cops 44 84 85 114 115 116 156 161 162 209 219 262 390 600 975 1160 1517
dane 6 8 27 28 32 35 48 54 56 86 105 118 163 418 450 457 836
dine 6 11 14 18 38 47 60 65 168 225 305 382 451 453 457 704 841
fare 0 1 3 4 16 20 28 37 89 137 169 230 231 232 583 584 1252
hall 31 40 91 131 139 173 176 182 240 245 327 338 422 1003 1269 1400 1551
lags 70 93 135 180 248 250 283 296 306 341 346 357 359 362 615 622 746
lest 108 121 123 133 254 264 309 361 369 395 416 420 480 613 686 872 1148
lone 6 11 32 33 45 78 208 246 367 383 470 491 493 616 952 1024 1150
mane 4 7 8 18 27 32 34 35 47 56 105 125 258 370 371 418 1578
more 4 5 21 22 33 89 94 112 128 138 145 344 499 560 757 758 1289
pane 8 19 20 27 32 35 47 54 57 60 105 418 503 505 506 507 628
pans 12 56 61 73 97 140 266 267 329 386 504 505 506 629 631 709 1073
pent 75 123 133 142 147 164 267 274 291 419 468 506 511 515 572 1043 1044
pets 12 62 76 96 267 269 363 405 469 508 558 606 624 635 636 675 892
pine 11 14 18 38 48 56 61 65 168 187 268 305 382 511 638 894 1045
pins 57 60 95 96 97 104 201 216 237 267 268 428 510 511 637 638 997
puts 12 15 59 96 97 117 177 195 269 270 345 483 502 627 640 772 1440
rile 17 39 101 102 143 154 187 191 193 236 304 396 397 524 527 625 1053
sale 2 7 19 30 31 35 66 118 196 197 282 303 403 410 737 1054 1446
sine 11 14 18 35 38 48 60 168 200 201 202 305 382 534 654 656 1453
tale 2 7 19 30 31 37 64 118 139 143 205 297 303 666 737 925 1620
tons 104 114 140 146 207 208 209 210 302 336 415 543 806 934 1137 1250 1329
wars 0 23 82 106 206 212 257 306 423 458 479 501 555 556 676 677 809
wire 0 14 22 39 128 169 202 225 301 310 350 430 682 940 942 1333 1491
bags 9 23 41 51 73 80 135 153 283 296 306 314 341 346 622 688
bake 2 3 8 24 43 125 179 189 196 211 214 215 230 297 820 962
bank 8 73 149 151 213 313 324 402 431 484 546 561 568 642 836 1209
bans 8 9 23 57 70 72 81 140 149 153 216 313 314 329 709 1073
beat 25 75 108 198 433 434 436 495 562 564 565 585 596 760 822 1095
bent 58 74 108 123 142 147 164 274 291 318 419 436 468 564 572 691
bets 9 10 15 59 109 316 363 405 469 558 606 624 675 688 1090 1655
bobs 10 41 42 79 84 156 251 275 322 323 374 440 481 541 590 823
bone 6 8 45 53 110 112 208 246 383 470 566 567 568 689 824 952
boos 10 41 42 77 111 156 162 322 323 377 440 441 442 684 825 1341
bugs 15 41 70 81 158 175 270 280 443 570 607 615 673 688 694 886
buns 15 73 80 97 158 204 210 216 281 324 443 471 570 691 694 1037
cars 1 23 44 68 83 206 257 326 328 329 444 445 458 479 501 829
cats 9 12 44 82 85 99 117 130 171 184 233 326 328 329 551 582
cobs 46 77 85 114 116 161 162 219 221 251 275 326 374 481 541 590
cots 10 46 83 84 114 116 117 161 162 219 269 278 302 337 356 368
dame 26 28 47 92 118 163 166 170 197 205 231 449 450 451 889 979
dear 13 25 90 100 119 132 141 308 312 333 339 381 467 579 838 1239
dope 6 29 115 166 167 227 228 277 354 389 455 491 499 706 1380 1523
fore 5 21 22 33 49 55 112 138 145 169 344 560 592 720 721 852
hear 13 25 87 100 132 141 172 308 312 339 348 381 467 596 858 1696
hell 50 172 173 176 224 235 317 414 425 533 571 728 817 1006 1007 1555
lame 26 32 86 170 179 197 205 231 249 358 365 485 742 889 1281 1411
laps 44 51 103 136 248 250 256 263 285 342 357 359 362 429 488 685
mole 7 17 29 55 102 110 134 174 375 376 410 499 552 757 758 887
pips 61 96 192 300 390 406 452 476 488 510 626 637 772 818 892 1045
pits 12 59 61 62 95 109 269 460 510 535 597 637 683 739 1434 1590
puns 57 61 62 81 204 210 267 270 281 471 515 640 641 772 1037 1439
rate 24 34 99 137 163 189 193 232 241 249 272 273 347 393 399 521
rats 9 12 83 98 130 135 136 171 184 195 233 278 517 520 551 582
rear 13 25 87 90 132 141 190 308 312 339 381 467 522 902 1172 1174
ride 63 191 193 276 310 319 396 397 524 527 547 643 654 730 819 1052
role 29 63 94 110 134 174 194 276 277 399 400 410 552 906 1053 1445
taps 44 93 136 140 206 209 256 263 285 296 300 342 429 665 666 685
tins 38 61 67 140 201 210 216 237 300 415 428 548 801 997 1193 1474
wane 0 8 14 27 32 35 47 54 56 211 307 418 553 554 810 811
wart 0 68 212 384 423 445 555 556 576 618 667 676 811 939 1202 1482
will 39 122 127 144 155 165 173 188 199 243 247 422 425 681 1081 1082
best 52 74 75 121 133 264 309 325 395 416 420 436 480 564 686
bits 9 10 15 76 96 216 437 439 460 535 597 683 739 823 1218
bole 2 29 78 94 102 112 134 154 174 320 321 410 552 566 1357
boot 79 181 261 293 321 353 398 417 441 442 464 565 825 827 1092
bore 3 5 21 22 33 55 78 89 110 138 145 344 560 566 826
cave 1 26 27 43 159 160 217 242 273 307 332 403 475 507 695
cons 45 46 67 84 85 116 161 162 219 329 336 543 974 1137 1250
cope 5 45 46 88 159 218 220 277 332 354 389 446 491 499 1517
cows 42 46 84 85 114 129 146 161 162 203 219 255 528 559 938
cuts 15 62 83 85 177 195 221 345 483 502 627 701 975 978 1105
dale 2 7 19 28 29 30 31 47 64 66 86 163 303 450 737
deal 87 172 190 224 286 298 387 494 579 674 838 951 1239 1241 1379
dull 157 165 176 222 224 238 244 271 379 751 764 842 1246 1379 1528
fest 52 108 133 264 309 395 416 420 480 585 686 710 712 847 1115
fill 107 127 144 155 165 173 188 199 235 236 238 243 247 338 1533
lent 52 58 75 142 147 164 274 291 419 468 487 572 612 747 1148
mail 148 182 186 229 245 394 401 413 421 605 623 879 1027 1577 1579
make 4 7 34 43 54 71 179 189 196 211 230 258 297 370 371
mash 152 183 330 343 360 372 380 519 557 577 594 783 881 882 1580
mill 17 107 122 144 155 165 173 182 188 199 243 247 379 1031 1290
mire 4 17 18 55 69 169 202 225 260 301 350 430 497 754 1289
mows 42 116 146 203 255 262 374 377 378 528 559 938 1032 1152 1291
oats 9 12 83 99 171 184 233 501 502 551 582 1425 1426 1583 1587
pall 19 40 50 139 182 186 188 240 271 327 338 422 629 767 1297
pear 13 25 87 90 100 141 308 312 339 381 387 467 508 509 632
pest 52 58 108 121 264 309 385 392 395 416 420 480 686 1043 1044
pole 19 21 29 94 102 110 174 187 389 391 410 513 552 767 1437
rags 51 70 99 136 280 283 296 306 341 346 393 517 520 525 622
raps 44 93 99 103 135 192 256 263 285 342 429 517 520 685 1605
rare 0 1 3 4 16 20 28 37 49 98 189 272 273 393 521
sore 5 21 22 33 55 89 112 145 202 344 410 560 1063 1190 1317
tall 40 50 66 131 144 182 240 327 338 413 414 422 802 925 1620
tans 57 67 73 103 104 206 210 296 329 415 546 665 709 799 1073
tear 13 25 87 90 100 132 298 308 312 339 381 467 668 800 926
tent 58 75 123 147 164 274 291 415 416 419 468 572 670 801 1622
tile 17 38 39 63 66 144 154 187 236 301 304 547 625 671 931
till 107 122 127 139 143 155 165 173 188 199 243 247 414 802 931
tore 5 21 22 33 37 55 89 112 138 208 301 344 560 803 932
tows 42 67 116 129 203 207 209 255 302 528 559 806 934 938 1072
went 58 75 123 142 164 274 291 309 419 426 468 572 680 811 1485
bail 40 124 186 229 245 394 401 413 421 605 623 1093 1355 1503
band 8 72 73 150 313 318 438 567 609 782 810 821 1004 1354
bard 3 23 149 151 212 432 444 473 610 821 1089 1210 1354 1504
bark 3 23 72 150 213 431 432 474 561 575 617 630 743 1089
bash 126 215 314 330 343 360 519 557 561 577 594 693 783 960
bays 9 23 70 73 250 266 314 323 355 520 578 649 677 694
bile 2 17 39 63 110 143 155 187 236 304 319 439 625 962
bill 40 107 122 127 144 154 157 165 173 188 199 243 247 317
bops 10 41 42 46 77 79 209 262 322 323 390 440 600 1160
bull 40 120 155 176 222 238 244 271 317 379 751 764 966 1659
burs 15 23 80 81 443 570 692 694 828 1097 1098 1224 1258 1431
cape 1 26 27 43 44 113 115 160 217 465 666 695 1156 1276
case 1 26 27 43 113 159 215 217 330 331 695 1074 1099 1114
cods 46 84 85 114 116 162 218 219 644 658 895 1124 1158 1230
coos 46 79 84 85 114 116 161 219 377 447 684 697 698 1341
date 24 28 34 47 86 98 118 228 232 241 249 347 450 1797
dent 58 75 123 142 147 274 291 419 468 572 839 1106 1372 1669
dill 107 120 122 127 144 155 173 188 199 224 243 247 842 1241
dome 6 29 86 88 167 220 227 228 451 455 706 733 803 1063
dove 6 29 88 166 227 228 332 400 453 455 493 706 758 948
fine 11 14 18 38 48 60 65 169 236 237 305 382 459 849
fire 49 69 89 128 168 202 225 236 301 350 430 713 849 1254
game 26 30 86 92 197 205 231 239 241 242 465 466 889 1817
hats 9 12 83 99 130 177 184 233 346 347 551 582 597 726
heal 90 91 119 190 286 298 348 387 494 596 674 858 951 1006
hill 50 91 107 122 127 144 155 165 176 188 199 243 247 860
hole 29 31 94 102 110 134 246 351 354 410 552 601 733 1556
hugs 80 177 270 280 346 598 602 603 607 615 673 734 886 1826
hull 50 91 120 157 173 222 238 244 271 379 751 764 1274 1557
huts 15 62 117 171 175 195 345 483 502 597 602 603 627 734
lack 213 252 265 295 358 472 484 516 530 611 614 743 865 1279
lake 32 43 71 92 125 189 196 211 230 249 297 358 485 749
logs 41 51 219 251 255 335 368 482 492 598 615 716 746 1711
loot 111 253 254 261 293 353 398 417 464 490 750 876 1025 1149
mall 7 40 50 124 127 131 139 240 327 338 379 422 880 1579
mast 126 185 331 361 372 385 500 618 710 755 845 880 881 935
mats 9 12 34 83 99 130 171 233 256 257 372 551 582 882
must 183 325 369 380 500 529 581 725 755 759 868 1033 1039 1293
pail 124 131 148 229 245 394 401 413 421 605 623 765 1041 1162
pile 17 19 39 60 63 134 143 154 188 236 304 625 894 1045
pill 107 122 127 131 144 155 165 173 187 199 243 247 271 767
rake 43 71 98 125 137 179 196 211 230 272 273 297 393 521
real 100 119 172 286 298 387 494 522 674 902 903 951 1172 1607
rice 63 101 193 272 364 396 397 497 524 527 704 937 1035 1861
rips 95 136 300 406 452 476 488 525 527 626 643 775 818 904
rite 63 98 101 191 260 396 397 399 439 524 527 656 970 1145
rose 102 227 276 277 367 391 397 399 400 601 763 780 906 1610
ruts 15 62 99 117 177 278 279 280 281 345 483 502 627 908
sake 35 43 64 71 125 179 189 197 211 230 282 297 403 1054
same 26 35 64 86 92 170 196 205 231 282 403 889 1054 1063
seat 13 74 286 287 291 495 531 537 585 596 661 760 798 1736
sill 107 122 127 144 155 165 173 188 243 247 533 655 1058 1311
sink 65 201 259 268 366 402 412 427 526 534 608 653 1038 1058
sins 61 65 104 200 204 216 237 406 428 534 535 543 997 1179
sire 65 69 128 138 169 225 301 350 430 654 656 1179 1190 1453
sows 42 116 129 146 255 528 541 543 559 648 652 658 921 938
suns 81 97 201 210 281 412 471 543 545 662 794 795 923 1037
tame 26 37 66 86 92 170 197 231 297 666 671 803 889 1191
tars 23 37 68 82 103 140 257 296 458 479 501 665 667 1067
toes 67 146 209 226 302 548 669 732 806 851 934 943 999 1194
tone 6 38 45 53 67 78 145 246 383 470 803 808 952 1329
tops 46 67 103 146 156 207 262 300 302 390 600 806 934 1160
tuns 67 81 97 104 140 204 281 415 471 550 673 808 1037 1626
wake 0 43 71 105 125 179 189 196 230 297 307 553 554 944
ward 0 68 106 150 423 444 473 555 556 610 676 810 814 1210
back 72 151 178 265 295 431 472 516 530 561 569 865 961
bade 2 3 8 24 71 215 319 371 553 566 584 820 1275
base 2 3 8 24 71 152 160 214 314 561 820 1074 1114
bins 61 73 81 104 109 201 237 428 437 438 823 997 1218
cage 1 26 27 43 113 159 160 239 282 393 554 628 695
code 5 45 115 161 220 276 332 446 566 757 761 1230 1790
cogs 41 46 84 85 114 116 161 162 180 335 482 598 716
come 5 26 45 115 166 218 332 446 733 803 1063 1233 1367
cubs 84 117 279 326 545 550 602 640 701 707 975 978 1369
cull 120 157 176 238 244 271 327 379 571 751 764 1104 1519
deed 36 234 299 333 349 424 523 579 703 840 890 1240 1249
dell 91 119 120 165 235 317 414 425 533 571 817 842 1798
dire 28 48 69 128 169 202 301 350 430 451 453 704 1522
does 207 334 335 336 337 456 732 851 943 986 999 1108 1242
dose 6 29 88 166 167 194 228 367 391 455 601 706 763
dote 6 29 88 163 166 167 227 337 399 455 706 1159 1481
fail 124 148 186 245 338 394 401 413 421 605 623 717 1385
fake 43 49 71 125 179 189 196 211 231 232 297 583 584
fame 26 49 86 92 170 197 205 230 232 583 584 889 1684
fate 24 34 49 98 163 230 231 233 241 249 347 583 584
fats 9 12 83 99 130 171 184 232 460 551 582 709 987
feed 36 223 299 340 349 424 523 711 712 890 988 990 1680
fell 91 122 224 238 317 338 414 425 533 571 711 817 847
file 17 39 63 122 143 154 168 169 187 304 625 849 1533
fins 61 104 168 201 216 428 459 460 586 709 713 848 997
full 120 122 157 176 222 235 244 271 338 379 751 764 1541
gage 30 170 217 241 242 282 341 393 465 466 554 628 1544
gall 30 40 50 131 139 182 243 244 327 338 422 996 1389
gate 24 30 34 98 163 170 232 239 242 249 347 465 466
gave 30 113 170 239 241 273 307 403 465 466 475 507 1122
gill 107 122 127 144 155 165 173 188 199 240 244 247 1689
gull 120 157 176 222 238 240 243 271 379 751 764 1549 1550
hail 50 124 148 186 229 394 401 413 421 605 623 1268 1551
hone 6 45 53 78 174 208 354 383 470 601 733 952 1009
kill 107 122 127 144 155 165 173 188 199 243 869 1408 1566
lass 51 93 250 314 357 359 360 361 362 372 492 631 872
late 24 32 34 92 98 163 179 232 241 347 358 485 1287
lays 51 93 153 248 266 355 357 359 362 520 578 649 677
lobs 77 84 180 255 275 357 368 374 481 492 541 590 1024
lock 178 454 477 490 512 542 611 614 756 777 867 1709 1710
loon 181 442 490 498 549 722 762 876 920 1023 1025 1286 1708
lost 52 181 361 367 369 392 492 500 613 750 834 1134 1149
lows 42 116 129 146 180 203 251 362 368 492 528 559 938
maps 44 93 103 136 184 257 262 263 285 342 372 429 685
mars 4 23 68 82 184 206 256 372 458 479 501 617 618
maze 4 7 34 54 125 370 371 450 466 485 521 595 1414
mink 18 200 268 366 373 427 526 608 620 1038 1155 1290 1415
mite 17 18 34 128 193 439 497 656 754 970 1034 1145 1416
moot 111 181 293 353 376 377 398 417 464 498 500 884 885
mops 46 129 156 209 256 374 377 378 390 499 600 1160 1291
naps 44 93 103 136 256 285 342 429 622 626 685 888 1156
nest 52 108 121 133 309 395 416 420 480 686 760 1422 1423
pack 178 213 295 472 503 512 516 530 630 633 766 865 1040
pays 12 57 153 250 355 386 504 520 578 629 631 649 677
pens 57 58 59 61 97 415 508 635 636 747 839 892 1131
pink 60 61 200 259 366 427 511 526 608 638 641 766 1038
pots 10 12 59 62 85 96 278 302 337 356 368 390 895
pugs 62 80 97 175 280 510 607 615 635 640 673 772 886
pull 120 131 157 176 188 222 238 244 379 751 764 767 1599
race 98 137 189 191 273 358 370 393 503 516 521 583 1604
rave 98 113 137 189 242 272 307 393 400 403 475 507 521
rent 58 75 123 142 147 164 291 395 419 468 572 647 901
robs 77 84 251 278 279 374 481 528 541 590 644 775 906
rode 101 102 194 218 277 399 400 566 644 757 761 906 1052
rope 88 102 115 194 276 354 389 399 400 491 499 527 906
rots 10 85 99 195 269 275 302 337 356 368 399 528 644
rubs 195 221 275 280 281 545 550 602 640 707 775 908 1862
rugs 80 135 175 195 270 279 281 525 607 615 673 886 908
runs 81 97 195 204 210 279 280 471 646 647 779 908 1037
sage 35 64 196 197 217 239 283 393 403 554 628 1054 1735
sags 51 70 135 282 285 296 306 341 346 622 648 649 1735
sang 35 313 402 505 518 534 727 782 795 799 846 854 919
saps 44 93 103 136 256 263 283 342 406 429 648 649 685
seal 13 119 172 190 198 287 298 387 494 531 533 674 951
seam 13 198 286 292 294 531 650 659 668 784 822 902 1056
seep 36 289 290 404 435 532 634 650 703 738 812 1012 1462
seer 13 36 288 290 315 333 404 509 532 650 1013 1019 1075
sees 36 288 289 316 404 405 531 532 650 652 662 669 988
sent 58 75 123 142 147 164 198 274 419 468 572 651 1736
slam 287 294 407 408 536 537 538 659 784 788 917 972 1056
soot 111 181 261 353 398 409 417 464 911 920 1316 1317 1320
swam 287 292 659 663 664 784 796 797 798 924 1056 1467 1468
tack 178 213 265 472 516 530 546 807 865 925 929 1068 1326
tags 51 70 103 135 140 206 283 306 341 346 622 665 673
take 37 43 66 71 125 179 189 196 205 211 230 666 1754
teal 119 141 172 190 286 387 414 494 668 674 800 926 951
teed 36 223 234 349 424 523 669 670 890 927 928 930 1194
tips 95 103 104 192 209 406 452 476 488 548 626 818 1474
tire 37 38 69 128 143 145 169 202 225 350 430 547 671
tots 10 67 85 146 207 209 269 278 337 356 368 806 934
vale 2 7 19 30 31 64 66 118 304 418 552 737 1074
vile 17 39 63 143 154 187 236 303 305 552 625 937 1200
vine 11 14 18 38 48 60 65 168 304 382 418 937 1200
wags 51 68 70 135 283 296 341 346 554 622 677 809 941
wave 0 105 113 211 242 273 403 475 507 553 554 948 1483
wear 13 25 87 90 100 132 141 312 339 381 467 1078 1079
west 52 108 121 133 147 264 395 416 420 480 680 686 1485
wide 14 39 69 101 319 547 553 654 682 730 819 940 942
wind 14 373 426 427 428 438 459 810 813 861 870 905 1081
year 13 25 87 90 100 132 141 308 339 381 467 1337 1769
bang 8 72 73 149 284 505 518 689 727 799 846 854
bass 9 23 70 73 152 153 215 248 322 372 561 631
beer 25 289 316 333 435 436 509 563 1013 1019 1075 1091
bees 76 290 315 435 436 563 669 688 988 1090 1091 1511
bell 40 91 155 157 224 235 414 425 533 564 571 817
bend 75 149 340 426 433 438 487 496 567 651 670 936
bide 101 154 214 310 437 439 547 566 654 730 819 962
bold 110 321 351 375 463 567 573 593 672 790 821 1357
bolt 110 111 320 376 564 565 574 827 983 1139 1201 1357
boss 10 41 42 77 79 156 314 323 378 440 492 806
boys 10 41 42 77 79 153 156 322 440 694 934 1140
bunk 72 81 412 478 568 569 641 691 966 994 1002 1016
bust 108 185 369 529 581 691 693 725 868 1039 1225 1361
cabs 44 82 83 84 221 328 329 357 604 665 702 888
call 40 50 131 139 182 222 240 338 422 571 1362 1512
cams 26 44 82 83 326 329 449 517 726 736 949 967
cans 27 44 57 73 82 83 114 140 326 328 709 1073
cash 126 152 160 331 343 360 519 557 577 594 783 1099
cast 160 183 330 361 385 445 710 834 845 935 1099 1668
cove 5 45 113 115 167 218 220 400 446 493 758 948
deer 87 223 289 315 509 703 1013 1019 1075 1108 1240 1381
dies 226 452 456 548 637 705 748 840 982 986 1077 1373
dogs 41 180 219 226 336 337 482 598 705 706 716 1242
dons 6 67 114 226 335 337 543 839 843 1137 1242 1250
dots 10 85 226 228 269 278 302 335 336 356 368 1242
fall 40 50 122 131 139 182 229 235 238 240 327 422
fear 13 25 87 90 100 132 141 308 312 381 467 585
fend 234 318 426 459 487 496 651 670 718 936 1386 1680
gags 51 70 135 239 283 296 306 342 346 622 996 1544
gaps 44 93 103 136 256 263 285 341 429 465 685 996
gash 126 152 330 360 519 557 577 594 724 783 1396 1545
gore 5 21 22 33 55 89 112 138 145 470 560 1823
guts 15 62 117 177 195 469 471 483 502 627 857 1399
hags 51 70 135 171 175 283 296 306 341 598 622 726
hate 16 24 31 34 98 163 171 232 241 249 475 595
head 90 172 349 433 486 522 579 596 619 728 729 858
heed 36 223 234 299 348 424 523 728 729 890 1006 1272
hire 16 69 128 169 202 225 301 430 730 731 859 1133
hold 174 320 375 463 573 593 599 672 728 790 1272 1556
hook 353 441 447 477 490 599 645 804 862 1009 1010 1036
hoot 111 181 261 293 352 398 417 464 599 862 1010 1134
hope 88 115 174 246 277 389 491 499 600 601 733 1699
jays 153 250 266 479 520 578 604 649 677 736 866 1140
jots 10 85 269 278 302 337 368 481 482 483 606 1140
labs 51 93 248 250 251 326 359 362 604 665 702 888
lace 32 92 178 179 249 272 364 370 485 503 583 1279
lads 51 93 248 250 357 362 504 809 835 987 1020 1570
lash 126 152 248 330 343 361 519 557 577 594 783 878
last 52 183 248 254 331 360 369 385 613 710 845 935
laws 51 93 248 250 255 357 359 386 648 816 866 1018
lets 59 76 368 405 469 558 606 624 675 746 747 872
lice 11 191 358 365 489 497 611 704 749 873 937 1035
lime 11 92 364 396 451 489 671 749 754 873 1022 1573
link 11 200 259 268 427 484 526 608 611 612 1038 1285
lose 33 53 194 227 254 391 491 492 493 601 763 1024
lots 10 85 180 251 255 269 278 302 337 356 363 492
lust 52 185 254 325 361 529 581 613 725 868 878 1039
mace 4 7 34 54 125 258 272 358 371 497 503 583
made 4 7 34 54 125 214 258 370 553 584 757 1275
mass 126 183 184 248 256 257 314 378 631 881 1030 1153
mind 18 259 311 438 459 496 620 861 870 905 1031 1415
mobs 77 84 129 251 262 275 377 378 481 541 590 1291
mold 94 320 351 376 463 573 593 672 790 885 1029 1031
molt 94 261 321 375 500 574 753 880 884 983 1139 1201
moos 79 129 162 261 262 374 378 498 684 885 1291 1341
moss 129 262 322 372 374 377 492 500 806 1030 1153 1291
mull 120 127 157 176 182 222 238 244 271 751 764 887
mush 126 185 693 724 759 781 864 878 1033 1048 1418 1580
near 13 25 87 90 100 132 141 308 312 339 467 760
nine 11 14 18 38 48 60 65 168 305 383 625 1035
none 6 45 53 78 208 246 382 470 761 763 952 1159
part 20 106 385 445 506 576 618 630 667 770 1040 1044
past 133 183 331 361 384 392 506 631 710 845 935 1040
paws 12 57 266 362 504 629 631 636 648 816 866 1042
peal 119 132 172 190 286 298 494 508 632 674 891 951
peek 404 509 632 633 634 678 774 871 891 893 1028 1121
pope 21 88 115 134 277 354 390 391 491 499 513 1045
pops 46 95 156 209 262 269 389 600 772 892 895 1160
pose 21 134 194 227 367 389 392 513 601 763 1047 1168
post 133 254 385 391 500 770 771 834 1047 1134 1168 1436
rage 98 135 137 189 217 239 272 273 282 521 554 628
rail 124 148 186 229 245 401 413 421 605 623 773 1171
rest 52 108 121 133 264 274 309 416 420 480 529 686
rime 63 101 191 193 365 397 451 524 527 671 754 904
rise 63 101 191 193 194 396 524 527 682 780 1200 1733
root 111 181 261 293 353 417 464 645 907 1051 1175 1732
rote 98 102 193 194 228 276 277 278 400 906 1159 1481
rove 102 167 194 273 276 277 332 399 493 758 906 948
sail 124 148 186 229 245 394 413 421 605 623 909 1183
sank 35 72 200 284 412 484 530 546 642 782 836 1209
save 35 64 113 196 197 242 273 282 307 475 507 1054
seek 36 288 289 290 388 532 650 678 774 871 1028 1121
sets 59 76 290 363 469 531 535 558 606 624 652 675
sips 95 192 201 285 300 452 476 488 535 626 818 1179
slag 292 408 536 537 538 663 714 787 1062 1066 1181 1309
slap 292 407 461 536 537 538 539 657 696 797 1182 1314
slot 293 537 540 657 786 787 911 918 1092 1165 1229 1320
sole 29 64 94 102 110 134 138 174 552 790 1063 1458
suck 412 530 542 569 580 614 621 653 807 1213 1325 1618
sunk 200 204 324 402 411 478 641 795 994 1002 1016 1325
tail 124 139 148 186 229 245 394 401 421 605 623 1070
tell 91 139 144 224 235 298 317 425 533 571 802 817
tens 67 104 140 142 210 267 669 670 747 800 839 1131
test 52 108 121 133 142 264 309 395 420 480 686 1622
toot 111 181 261 293 353 398 464 549 804 805 933 1750
vane 8 27 32 35 47 54 56 105 303 305 1073 1074
vent 58 75 123 142 147 164 274 291 420 468 572 936
vest 52 108 121 133 264 309 395 416 419 480 686 935
wail 124 148 186 229 245 394 401 413 422 605 623 939
wall 40 50 107 131 139 182 240 327 338 421 425 1634
warn 0 68 106 212 432 555 556 676 815 837 1113 1211
weed 36 223 234 299 349 426 523 678 679 812 890 1080
well 91 107 224 235 317 414 422 533 571 680 817 1080
wend 147 311 318 340 424 487 496 651 670 810 936 1080
wink 14 200 259 268 311 366 428 526 608 813 1038 1207
wins 14 61 104 201 216 237 311 427 683 813 941 997
yaps 44 93 103 136 256 263 285 342 685 816 949 1494
aire 69 128 169 202 225 301 350 819 955 1344 1348
balk 2 40 72 151 213 561 821 925 966 1088 1634
barn 3 23 150 151 423 826 828 837 1089 1113 1211
bead 25 74 318 348 434 486 522 562 579 619 822
bean 25 74 433 562 563 745 822 838 883 1079 1359
beep 288 315 316 436 563 634 703 738 812 1012 1091
beet 74 75 108 315 316 435 563 564 712 1091 1288
bids 109 216 319 443 643 687 823 1020 1090 1144 1218
bind 149 216 311 318 373 459 567 861 870 905 1504
bite 24 109 154 193 260 319 656 962 970 1145 1661
boas 10 41 42 77 79 156 322 323 565 1218 1221
book 79 111 352 442 447 490 568 645 804 825 1036
boon 79 111 253 441 498 549 722 762 825 826 920
buds 15 80 81 158 437 570 694 923 984 1090 1419
card 1 82 150 212 445 473 610 699 829 976 1210
cart 1 82 106 331 384 444 576 618 667 829 977
coke 5 43 45 115 218 220 332 513 944 1338 1405
cook 162 352 441 490 645 697 698 700 804 974 1036
cure 1 5 877 899 976 977 1104 1105 1190 1369 1370
dams 86 328 517 578 702 726 736 835 949 979 982
daze 28 47 86 118 163 258 455 466 485 521 595
dime 48 86 166 225 365 396 453 671 704 754 982
dips 95 192 300 334 406 476 488 626 705 818 982
dive 48 167 225 451 489 704 731 849 1122 1277 1801
dock 252 477 512 542 580 756 777 867 981 1109 1242
doze 6 29 88 166 167 227 228 450 706 1524 1718
dues 226 334 662 701 707 734 908 984 986 1246 1247
dune 6 47 48 616 646 808 985 1111 1248 1278 1380
ears 23 68 82 206 257 479 501 582 1113 1673 1677
find 168 237 311 340 373 438 718 861 870 905 1386
fits 96 109 233 237 535 586 597 683 713 739 848
flap 408 462 587 588 589 696 714 715 989 1117 1119
flay 461 538 587 588 589 714 715 831 989 1164 1257
fold 320 351 375 573 592 593 672 718 719 790 1538
foot 111 181 261 293 353 398 417 591 719 852 1539
gape 30 159 170 239 241 242 342 466 666 1156 1276
gaze 30 170 239 241 242 258 450 465 485 521 595
gear 13 25 87 90 100 132 141 308 312 339 381
gent 58 75 123 142 147 164 274 291 419 572 1686
gets 59 76 345 363 405 558 606 624 675 1259 1390
gone 6 45 53 78 208 246 344 383 952 1125 1686
guns 81 97 204 210 281 345 857 997 1002 1037 1399
hack 178 213 265 295 474 477 516 530 865 1129 1552
hard 16 150 212 444 474 610 729 1004 1005 1128 1210
hark 16 151 472 473 575 617 630 743 1005 1128 1552
have 16 31 113 242 273 307 347 403 507 595 731
hips 95 192 300 406 452 488 597 600 626 818 1402
hock 252 352 454 472 512 542 756 777 867 1009 1129
hunk 324 412 641 863 994 1002 1009 1011 1016 1136 1274
jars 23 68 82 206 257 355 458 501 604 736 866
jest 52 108 121 133 264 309 395 416 420 686 868
jobs 77 84 251 275 356 374 482 541 590 604 1140
jogs 41 180 219 335 356 481 598 607 716 1014 1140
juts 15 62 117 177 195 345 356 502 606 607 627
lank 32 72 178 366 402 546 609 642 743 836 1209
laze 32 92 179 249 258 358 450 466 521 595 1283
lead 348 433 487 522 579 619 744 745 875 1146 1147
lend 123 318 340 426 486 496 609 651 670 747 936
lips 93 95 192 300 406 452 476 626 748 818 1020
live 11 364 365 453 493 731 749 849 873 1122 1277
look 181 252 253 352 441 447 645 804 876 1025 1036
lope 33 53 88 115 277 354 367 389 493 499 1024
loss 180 248 251 254 255 322 367 368 378 806 872
love 33 53 167 332 367 400 489 491 758 948 1024
meal 119 172 190 286 298 387 495 619 674 883 951
meat 74 198 494 585 596 619 753 760 883 884 1288
mend 318 340 373 426 487 619 651 670 936 1029 1845
mice 17 18 128 191 260 364 370 704 754 937 1035
moon 253 261 377 442 549 722 762 885 920 1032 1154
mope 55 88 94 115 262 277 354 389 491 757 758
most 183 185 254 261 376 378 392 755 834 884 1134
oars 23 68 82 130 206 257 458 479 1425 1431 1583
outs 15 62 117 130 177 195 345 483 627 1431 1587
pace 19 20 56 265 272 358 370 507 583 628 1040
pads 12 57 266 359 386 629 631 809 835 895 987
pang 56 57 284 313 506 518 638 727 799 846 854
pant 56 57 58 384 385 505 511 515 811 901 1040
pave 19 20 56 113 242 273 307 403 475 503 628
peas 59 132 267 387 531 632 635 636 800 892 1337
peer 132 289 315 333 388 634 891 1013 1019 1075 1299
pigs 61 95 96 270 525 586 635 637 705 941 1014
pint 58 60 61 268 506 515 612 620 638 801 1008
pock 252 265 454 477 542 633 756 766 769 777 867
poke 21 134 389 391 446 894 944 1305 1338 1405 1593
pump 690 708 735 752 778 793 1015 1433 1438 1599 1730
punt 58 97 506 511 641 647 691 863 1351 1439 1440
rack 178 213 265 272 295 472 530 642 777 865 1604
rams 99 135 136 328 449 520 726 736 900 904 949
rang 284 313 505 642 727 776 779 799 846 854 901
rash 126 152 330 343 360 557 577 594 781 783 1443
rays 99 135 136 153 250 266 355 517 578 649 677
raze 98 137 189 258 272 273 393 450 466 485 595
read 100 190 348 433 486 523 579 619 902 1050 1172
reed 36 223 234 299 349 424 522 774 890 903 1444
rife 63 101 191 193 396 397 527 873 940 1049 1608
rigs 135 192 280 510 586 643 705 775 904 941 1014
rink 200 259 268 366 427 608 642 776 905 1038 1733
ripe 63 101 191 192 193 277 396 397 524 942 1045
rows 42 116 129 146 203 255 275 278 559 644 938
rust 185 325 369 395 581 647 725 780 781 868 1039
sack 178 213 265 295 402 411 472 516 542 653 865
seas 13 198 286 287 290 405 508 652 800 1184 1337
seen 36 288 289 290 404 563 650 679 928 1142 1448
sell 91 199 224 235 286 317 414 425 571 817 1737
sing 65 200 201 284 638 776 795 813 841 919 1017
sits 96 109 201 405 406 460 597 656 683 739 1179
slab 292 407 408 537 538 587 796 918 1065 1177 1505
slat 198 292 407 408 409 536 538 588 661 786 798
slay 292 407 408 462 536 537 664 792 831 1164 1187
slip 408 657 786 914 917 1057 1117 1180 1228 1455 1506
slow 409 657 787 912 918 963 991 1061 1261 1315 1324
sobs 77 84 203 251 275 374 481 543 545 590 658
sock 252 411 454 477 512 530 653 756 777 867 1616
sons 67 114 201 203 204 336 541 658 919 1137 1250
sour 789 844 897 993 1071 1135 1212 1313 1322 1459 1460
subs 204 221 279 541 550 602 640 662 707 794 923
tank 72 140 295 402 484 642 799 836 925 1068 1209
tide 38 101 143 301 310 319 654 671 730 819 1747
ties 104 207 300 334 637 669 748 930 1077 1474 1475
toon 253 417 442 498 722 762 804 805 920 932 1072
tubs 210 221 279 545 602 640 665 673 707 1479 1625
vats 9 12 83 99 130 171 184 233 582 675 1073
vole 29 94 102 110 134 174 303 304 410 1201 1481
wade 0 105 211 214 307 310 371 554 584 809 1275
wage 0 105 211 217 239 282 306 307 393 553 628
warp 0 68 106 212 423 556 676 829 1005 1067 1332
wary 0 68 106 212 423 555 676 1483 1491 1758 1761
wash 126 152 330 343 360 519 577 594 783 1208 1332
wets 59 76 363 405 469 606 624 675 683 1484 1762
wows 42 116 129 146 203 255 528 684 938 943 1492
yore 5 21 22 33 55 89 112 138 145 344 1338
bask 72 151 152 213 215 314 431 881 1068 1099
beak 25 74 433 434 632 744 822 926 961 1078
been 315 316 434 435 436 532 679 928 1091 1142
belt 74 75 108 317 321 436 680 753 847 1043
boat 74 111 321 440 827 832 884 998 1095 1221
bode 78 110 112 214 218 276 319 757 761 1508
bond 78 149 318 320 438 568 689 718 824 1594
bonk 72 78 324 441 567 689 824 974 1009 1155
buck 213 324 411 580 614 621 807 961 966 1213
bums 15 80 81 158 443 603 690 694 794 857
cell 91 222 224 235 317 327 414 425 533 817
cent 58 75 123 142 147 164 274 291 419 468
cold 320 351 375 463 574 593 672 699 790 1232
colt 321 376 573 832 834 983 1139 1201 1232 1519
dark 28 151 474 576 617 630 743 836 837 1109
dart 28 106 384 445 575 618 667 837 1371 1522
dash 126 152 330 343 360 519 557 594 783 1374
days 153 250 266 355 449 520 649 677 702 835
dead 87 119 223 348 433 486 522 619 838 1239
duck 411 454 569 614 621 807 981 1112 1213 1527
dust 185 325 369 529 725 868 1039 1112 1247 1527
eats 9 12 83 99 130 171 184 233 458 551
face 49 230 231 232 272 358 370 503 584 1384
fade 49 214 230 231 232 371 553 583 987 1275
feat 74 121 198 339 495 588 596 712 760 847
figs 237 460 510 525 705 713 716 848 941 1014
flab 461 462 536 588 589 714 715 989 1505 1536
flat 461 462 537 585 587 589 714 715 989 1535
flaw 461 462 587 588 714 715 850 989 991 1101
fobs 77 84 251 275 374 481 541 716 848 851
fool 464 697 717 719 768 805 853 992 1083 1120
ford 89 463 699 718 719 720 721 814 852 1026
gold 320 351 375 463 573 672 790 855 856 1395
hash 126 152 330 343 360 519 557 577 783 864
haze 16 31 258 347 450 466 475 485 521 1553
heat 74 90 172 198 348 495 585 760 858 1554
hits 96 109 171 177 460 476 535 683 739 1402
hogs 41 175 180 219 335 346 482 600 716 732
hood 351 352 353 719 856 862 885 945 1010 1272
hops 46 156 209 262 354 390 476 598 732 1160
hose 174 194 227 246 354 367 391 733 763 1134
hubs 175 177 221 279 545 550 603 640 707 734
hums 175 177 570 602 726 734 735 794 857 1130
jabs 326 355 357 479 481 665 702 736 866 888
jail 124 148 186 229 245 394 401 413 421 623
jets 59 76 356 363 405 469 483 558 624 675
jugs 80 175 270 280 482 483 615 673 886 1014
kink 200 259 268 366 427 526 870 1017 1038 1143
land 32 149 484 487 610 740 782 810 1004 1282
lard 150 212 444 473 609 740 743 1026 1210 1282
lick 178 252 364 366 614 653 766 929 1143 1207
lint 11 123 366 511 613 620 801 874 1008 1285
list 52 254 361 369 612 755 874 1115 1260 1574
luck 178 252 411 569 580 611 621 807 1213 1413
lugs 51 80 175 180 270 280 607 673 746 886
lune 11 32 53 457 646 808 877 1151 1278 1287
mark 4 151 257 474 575 618 630 743 881 1420
mart 4 106 183 257 384 445 576 617 667 880
mead 348 433 486 494 495 496 522 579 883 1029
mint 18 259 373 511 612 755 801 1008 1415 1416
muck 411 569 580 614 756 759 807 1213 1418 1420
nags 51 70 135 263 283 296 306 341 346 888
nail 124 148 186 229 245 394 401 413 421 605
nets 59 76 363 405 469 558 606 627 675 1157
nile 17 39 63 143 154 187 236 304 382 1035
nips 95 192 263 300 406 452 476 488 818 1294
nuts 15 62 117 177 195 345 483 502 624 1037
page 19 20 56 217 239 282 393 503 507 554
pals 12 19 57 131 266 386 504 631 996 1297
park 20 151 265 384 474 575 617 743 769 893
pass 12 57 248 266 314 372 385 386 504 629
peak 132 387 388 508 562 633 744 893 926 1078
peck 265 388 512 632 766 893 961 981 1129 1421
peep 288 388 435 509 703 738 812 891 1012 1595
pegs 59 267 270 508 510 636 688 746 892 1407
pews 59 267 386 508 635 652 892 1107 1152 1157
pies 61 95 96 334 510 548 748 1077 1163 1299
ping 60 61 268 505 511 534 776 813 841 1017
poop 698 768 896 898 1010 1025 1046 1167 1302 1438
pubs 62 97 221 270 279 545 550 602 707 772
punk 97 268 324 412 478 515 994 1002 1016 1439
rank 72 402 484 516 518 526 546 836 901 1209
rids 101 192 437 525 644 687 775 904 1020 1144
rods 161 275 276 278 528 643 658 895 1124 1158
rook 352 398 441 447 490 777 804 907 1036 1051
rune 281 457 616 647 779 780 808 1052 1053 1278
runt 274 281 515 529 646 691 779 863 901 1351
saws 203 283 285 362 386 649 652 816 866 910
says 153 250 266 283 285 355 520 578 648 677
seem 36 287 288 289 290 404 532 927 1240 1461
send 36 291 318 340 426 487 496 670 782 936
sews 203 290 405 531 636 648 1107 1152 1157 1448
sick 200 411 530 542 611 766 929 1058 1143 1207
side 65 101 202 310 319 547 656 730 819 1453
silt 199 681 860 869 931 1058 1138 1310 1311 1446
site 65 193 202 260 439 535 654 970 1145 1453
slop 408 409 539 540 785 787 918 1046 1119 1323
sods 161 203 541 543 644 895 923 1124 1158 1617
spam 287 292 294 660 661 784 791 792 1056 1184
spar 13 659 661 789 791 792 922 1055 1184 1322
spat 198 537 659 660 791 792 798 1184 1185 1320
sues 204 290 456 545 701 734 794 908 923 1189
swag 294 407 664 796 797 798 924 1066 1181 1309
sway 294 538 663 792 796 797 798 924 1187 1653
tabs 103 140 206 296 326 357 550 604 702 888
tape 37 66 103 159 205 297 465 1156 1276 1480
tart 37 106 206 384 445 576 618 1067 1326 1621
team 141 287 298 800 822 902 926 927 1195 1469
tees 207 290 299 316 415 548 800 927 928 988
tend 142 299 318 340 415 426 487 496 651 936
time 38 143 205 301 365 396 451 547 754 803
told 320 351 375 463 573 593 790 802 1194 1328
tugs 80 175 210 270 280 296 550 607 615 886
veal 119 172 190 286 298 387 494 951 1632 1759
vets 59 76 363 405 469 551 558 606 624 1872
warm 0 68 106 212 423 555 556 1084 1128 1252
ways 68 153 250 266 306 355 520 578 649 809
week 388 404 424 679 774 812 871 1028 1078 1121
ween 424 532 563 678 812 928 1079 1142 1204 1767
welt 147 309 425 564 681 753 847 1043 1080 1485
wilt 39 107 655 680 860 869 931 1081 1082 1138
wise 14 39 69 310 397 940 942 1200 1208 1336
wits 96 109 428 460 535 558 597 739 941 1636
woos 79 162 377 559 943 945 946 1083 1341 1492
zaps 44 93 103 136 256 263 285 342 429 818
zest 52 108 121 133 264 309 395 416 420 480
aids 437 643 819 954 955 1020 1144 1347 1642
begs 41 70 76 80 316 635 746 1090 1407
bong 78 313 567 568 824 843 919 1125 1150
bump 514 570 708 735 752 778 793 1015 1097
bunt 75 81 324 325 515 647 863 1225 1351
bury 158 828 1097 1098 1224 1361 1542 1564 1660
bush 152 325 380 724 781 864 878 1048 1361
buys 15 80 81 153 158 323 443 570 1399
cafe 1 26 27 43 113 159 160 217 1054
clap 408 461 830 831 971 972 1100 1101 1228
cool 162 447 591 698 768 805 973 1083 1102
coop 162 447 639 697 969 1010 1025 1237 1667
cord 5 444 573 592 700 814 833 976 1026
cork 5 447 699 720 769 833 947 974 1109
cues 117 221 456 662 734 908 975 978 1518
dabs 326 357 449 578 604 665 707 835 888
deep 223 288 333 435 634 738 812 1012 1240
dice 48 191 225 364 451 453 497 937 1035
digs 334 335 452 510 525 586 941 982 1014
doge 6 29 88 166 167 227 228 335 455
dubs 221 279 456 545 550 602 640 702 984
dump 514 690 735 752 778 793 979 1015 1672
fans 57 73 140 233 237 329 846 987 1073
fast 121 183 331 361 385 845 935 1115 1384
feel 234 235 712 891 903 988 1006 1141 1541
feet 121 234 436 585 711 847 988 1288 1682
firs 169 237 460 586 848 955 1179 1254 1258
flag 407 461 462 587 588 589 715 989 1118
flan 461 462 587 588 589 714 830 989 1591
fogs 41 180 219 335 482 586 590 598 851
foil 229 591 853 973 992 1070 1093 1120 1183
fond 340 459 463 567 592 719 1386 1539 1594
food 463 464 591 592 599 718 856 885 945
fork 89 592 700 721 769 852 947 1109 1538
form 89 592 720 852 1084 1252 1254 1537 1715
goon 253 442 498 549 762 856 920 1000 1263
grim 1126 1127 1197 1265 1266 1360 1392 1398 1597
gush 343 380 693 725 781 864 878 1048 1396
gust 185 325 369 529 581 724 868 1039 1260
hams 171 328 346 449 517 603 736 949 1130
hang 284 313 505 518 799 846 854 1004 1011
held 91 348 349 351 729 1007 1029 1080 1555
herd 348 349 473 728 859 1132 1270 1271 1713
hide 101 310 319 350 547 654 731 819 1133
hive 350 453 475 489 730 849 1122 1133 1277
hoes 207 226 598 600 734 851 943 999 1272
home 166 174 220 246 354 601 803 1063 1698
hues 175 177 456 602 603 662 701 732 908
hump 514 603 690 708 752 778 793 1015 1401
jams 328 355 449 479 517 604 726 866 949
kale 2 7 19 30 31 64 66 118 303
keep 288 435 634 703 812 1012 1141 1142 1565
kits 96 109 460 535 597 683 1144 1145 1409
laid 609 610 741 909 1027 1041 1171 1280 1282
lain 740 765 773 879 995 1018 1198 1280 1286
lamp 92 752 900 967 979 1022 1191 1281 1411
lark 151 178 474 484 575 610 617 630 1413
leak 486 562 632 745 871 926 1078 1146 1147
lean 434 486 744 838 883 1023 1079 1146 1147
legs 51 180 363 615 635 688 747 872 1407
lens 123 267 363 415 487 746 839 872 1131
lies 334 488 548 637 1020 1021 1077 1284 1571
like 11 179 364 365 489 873 894 962 1133
lout 181 254 771 827 933 1001 1149 1175 1412
lull 120 157 176 222 238 244 271 379 764
lump 514 690 708 735 742 778 793 1015 1022
melt 376 495 564 680 847 880 1029 1043 1288
mime 17 18 128 260 365 396 451 497 671
mist 183 185 500 613 620 1115 1153 1260 1416
mock 252 454 477 512 542 621 777 867 1155
mode 55 94 218 276 371 499 566 758 761
move 55 94 167 332 400 493 499 757 948
musk 185 380 621 881 1033 1112 1136 1331 1420
neat 74 198 264 381 495 585 596 1422 1423
node 218 276 383 566 757 763 1158 1159 1424
noon 253 442 498 549 722 920 1036 1849 1850
nose 194 227 367 383 391 601 761 1159 1581
null 120 157 176 222 238 244 271 379 751
pain 186 741 773 879 995 1041 1042 1162 1198
pick 265 268 512 611 633 653 929 1143 1207
poll 131 134 188 271 768 802 842 1437 1445
pool 591 639 697 767 805 896 1083 1167 1302
pork 21 512 630 700 720 770 893 947 1109
port 21 384 392 769 771 852 1044 1317 1436
pout 392 750 770 827 897 933 1001 1175 1436
pups 62 95 97 270 390 640 892 975 1600
rain 394 741 765 879 995 1171 1198 1606 1734
reek 388 404 523 678 871 903 1028 1121 1444
ribs 192 275 279 525 643 823 848 904 1294
ring 518 526 534 638 779 813 841 905 1017
rock 252 454 477 512 516 542 645 756 867
rump 514 690 708 735 752 793 900 1015 1609
rung 281 518 646 647 776 795 985 1011 1151
ruse 194 397 529 646 781 1033 1052 1053 1387
rush 380 519 529 693 724 780 864 878 1048
sand 35 149 284 402 609 651 810 909 1004
sash 126 152 330 343 360 519 557 577 594
scam 287 292 294 659 1055 1056 1177 1308 1447
shop 657 911 912 969 1057 1206 1323 1450 1451
slit 409 537 539 915 917 1180 1185 1466 1535
slog 407 409 540 657 918 1062 1118 1366 1739
slum 292 917 1062 1123 1301 1313 1447 1468 1500
soar 13 544 660 922 1055 1174 1182 1221 1616
sold 320 351 375 410 463 573 593 672 1458
span 659 660 661 792 924 1184 1186 1308 1319
spay 538 659 660 661 664 791 1184 1187 1864
sump 514 690 708 735 752 778 794 1015 1743
sums 204 545 570 603 662 793 857 923 1743
sung 204 284 412 534 779 919 985 1011 1151
swab 294 536 663 664 797 798 924 1065 1177
swap 294 408 663 664 796 798 924 1182 1314
swat 198 294 537 661 663 664 796 797 924
tang 140 284 313 505 518 546 727 846 854
teas 141 298 415 508 531 668 669 926 1337
tint 38 104 142 511 612 620 931 1008 1193
toll 139 144 414 672 767 805 842 1070 1445
tome 145 166 205 208 220 671 733 1063 1476
took 352 417 441 447 490 549 645 805 1036
tool 417 549 591 697 768 802 804 1070 1083
toss 67 146 207 209 302 322 378 492 934
tuck 295 411 569 580 614 621 929 1213 1331
tune 38 208 210 457 616 646 1278 1479 1626
wads 68 306 359 504 553 677 835 987 1484
wand 105 149 212 311 426 609 782 811 1004
want 105 106 147 506 810 901 939 1202 1482
weep 288 424 435 634 678 679 703 738 1012
wing 14 311 427 428 534 638 776 841 1017
word 22 212 592 699 815 945 947 1026 1084
worn 22 423 814 826 833 932 947 1084 1403
yaws 362 386 429 648 866 949 950 1494 1495
yell 91 224 235 317 414 425 533 571 1638
zips 95 192 300 406 452 476 488 626 685
aide 101 310 319 430 547 654 687 730
babe 2 3 8 24 71 214 215 1788
bald 2 40 149 150 320 431 1088 1354
beam 25 74 287 433 434 562 668 902
bibs 77 109 216 437 775 848 1218 1294
bony 78 567 568 689 1166 1329 1508 1510
boom 79 111 441 442 876 907 1243 1340
born 112 432 442 815 828 833 932 1403
bout 111 321 565 750 771 933 1001 1175
burn 158 432 692 826 1097 1098 1224 1627
carp 1 82 444 445 555 967 1005 1067
clan 696 715 831 971 972 1101 1591 1795
clay 462 538 696 830 971 972 1101 1164
coat 565 574 834 884 998 1102 1226 1516
corn 5 699 700 815 826 932 1231 1403
cost 254 331 392 500 574 832 1134 1668
dads 359 449 504 578 702 809 984 987
dank 47 72 402 484 546 575 642 1209
darn 28 423 432 575 576 980 1113 1211
dean 87 119 434 579 745 883 1079 1239
dens 164 267 336 415 747 1107 1131 1372
died 223 334 930 1021 1076 1163 1249 1373
ding 48 534 638 776 813 843 985 1017
doll 29 120 165 224 767 802 983 1445
dong 6 336 689 841 919 985 1125 1150
dour 544 897 993 1071 1108 1135 1212 1375
east 183 331 361 385 710 935 1114 1674
fang 284 313 505 518 709 727 799 854
felt 121 235 564 585 680 712 753 1043
fibs 237 460 586 590 713 775 823 1294
five 168 169 236 453 489 731 1122 1277
flew 589 990 991 1061 1116 1219 1255 1256
foes 207 226 590 716 732 943 988 999
fort 89 464 592 720 721 770 1317 1539
fowl 591 717 964 992 1120 1339 1404 1406
gang 284 313 505 518 727 799 846 1125
goad 593 856 875 998 1050 1328 1394 1690
good 593 599 719 722 855 885 945 1000
gums 345 471 570 603 794 1259 1399 1695
heap 90 172 348 596 1007 1147 1172 1401
here 16 350 729 1132 1270 1271 1289 1333
hilt 173 655 681 869 931 1003 1008 1138
hind 311 373 438 459 870 905 1004 1008
hoof 352 353 599 896 946 1000 1010 1051
hunt 478 515 647 691 1008 1011 1351 1558
hush 380 594 693 724 781 878 1048 1136
jack 178 213 265 295 472 516 530 867
jaws 355 362 386 479 604 648 736 816
jock 252 454 477 512 542 756 777 865
just 185 325 369 480 529 581 725 1039
kilt 247 655 681 860 931 1138 1408 1566
kind 311 373 438 459 608 861 905 1017
leek 388 404 678 744 774 1019 1028 1121
less 52 248 363 492 746 747 1030 1513
life 11 364 365 489 524 749 874 940
lift 612 613 873 1049 1148 1149 1310 1391
load 486 855 1023 1026 1050 1328 1412 1575
loom 181 253 490 825 907 1025 1243 1340
lure 33 448 616 899 1190 1287 1413 1576
lush 360 369 380 693 724 781 864 1048
main 124 741 765 773 995 1027 1198 1577
malt 7 182 183 376 618 753 1003 1446
mask 126 183 372 561 617 759 1068 1099
math 34 126 184 960 1298 1417 1426 1712
mean 434 494 495 619 745 838 1079 1154
moat 261 376 495 500 565 832 998 1154
mood 261 375 377 498 599 719 856 945
mugs 80 175 270 280 607 615 673 1419
mule 7 17 94 379 1033 1034 1053 1771
nabs 263 326 357 604 622 665 702 1294
name 26 86 92 170 197 205 231 1156
need 36 223 234 299 349 424 523 1713
peel 387 388 509 634 711 903 1006 1141
peps 59 95 267 390 508 635 636 772
perk 388 630 632 633 769 1044 1432 1839
pike 60 187 513 749 962 1045 1133 1305
pods 161 269 390 504 644 658 1124 1158
poof 639 768 862 946 1000 1051 1167 1302
pour 544 771 844 993 1071 1135 1167 1212
prop 639 1046 1170 1237 1303 1526 1595 1598
pure 20 21 448 877 1190 1305 1441 1731
ramp 517 742 778 967 979 1191 1443 1609
rant 274 506 518 642 647 811 1306 1605
ream 100 190 287 522 668 822 1172 1173
reel 190 523 711 774 891 1006 1141 1444
rims 192 396 517 525 643 775 954 982
rind 311 373 438 459 526 776 861 870
robe 102 194 275 276 277 399 400 1024
room 398 645 825 876 1051 1173 1243 1340
rues 195 279 280 281 456 662 701 734
said 401 740 782 1027 1041 1059 1171 1180
sawn 648 921 950 980 1018 1042 1253 1448
shot 293 409 785 912 1320 1450 1451 1612
show 540 785 911 1315 1324 1364 1450 1451
skin 914 915 1059 1060 1178 1312 1319 1774
skip 539 913 915 1057 1059 1060 1312 1455
skit 786 913 914 1059 1060 1185 1312 1466
sled 36 990 1061 1064 1180 1189 1356 1449
slim 292 539 786 788 1060 1180 1392 1467
slob 409 536 540 657 787 1220 1393 1456
song 284 534 543 689 795 843 1125 1150
soon 253 293 442 498 549 722 762 921
sown 203 910 920 1032 1072 1244 1263 1448
star 13 660 789 1055 1065 1066 1187 1865
suds 204 443 545 658 662 794 984 1419
swan 294 663 664 791 796 797 798 1308
talk 66 139 295 431 546 1068 1620 1634
teak 141 298 562 632 668 744 800 1078
teem 299 650 668 669 928 1240 1469 1472
teen 299 532 563 669 679 927 1069 1142
tick 295 611 653 766 807 1143 1207 1474
tied 299 548 840 1021 1076 1163 1194 1475
tilt 143 144 655 681 801 860 869 1138
torn 145 549 815 826 833 1072 1403 1627
tout 417 750 771 827 1001 1071 1175 1621
toys 67 146 207 209 302 323 806 1140
vast 183 331 361 385 420 710 845 1074
vend 318 340 419 426 487 496 651 670
vice 191 304 305 364 497 704 1035 1200
vows 42 116 129 146 203 255 528 559
wait 106 421 811 1202 1388 1482 1503 1768
wife 14 39 69 310 524 682 873 942
wigs 306 428 510 525 586 683 705 1014
wipe 14 39 69 310 527 682 940 1045
woes 207 226 559 684 732 851 999 1492
woke 22 211 446 513 948 1338 1405 1492
wood 599 684 719 814 856 885 946 1083
woof 684 862 896 945 1000 1051 1083 1765
work 22 700 720 769 814 815 1084 1109
wove 22 167 307 332 400 493 758 944
yams 328 429 449 517 726 736 816 1494
yawn 816 910 980 1018 1042 1211 1253 1495
zeal 119 172 190 286 298 387 494 674
zone 6 45 53 78 208 246 383 470
aces 956 959 1085 1214 1215 1345 1559
aims 687 904 955 982 1086 1087 1347
airs 430 687 713 954 1179 1347 1348
ales 953 957 959 1086 1214 1215 1498
alts 956 958 1086 1345 1349 1498 1499
arts 957 1087 1217 1345 1349 1350 1649
axes 953 956 1214 1215 1353 1531 1786
bath 9 24 152 882 1298 1358 1426
beck 213 562 569 633 981 1129 1421
bike 71 154 319 439 749 894 1133
blow 540 991 1092 1219 1220 1222 1261
bowl 42 853 1093 1339 1355 1404 1406
bray 1094 1095 1169 1196 1257 1359 1493
bulk 157 324 431 569 1274 1325 1659
camp 26 328 742 829 900 979 1191
chip 969 1057 1100 1205 1227 1228 1663
chop 698 785 968 1100 1206 1237 1364
cite 193 260 439 656 1105 1145 1665
clad 696 830 831 972 1101 1365 1690
clam 292 696 830 831 971 1101 1235
coil 697 717 1070 1093 1102 1183 1231
conk 45 114 447 568 700 1009 1155
cups 44 46 117 221 701 772 978
curd 444 448 699 977 1104 1370 1518
curt 445 448 976 1104 1370 1519 1558
cuss 117 221 701 975 1513 1543 1794
damp 86 449 708 742 900 967 1191
dawn 837 910 950 1018 1042 1244 1253
deck 454 580 633 961 1129 1421 1670
dims 334 449 451 452 705 904 954
dolt 29 321 376 574 842 1139 1201
duds 443 456 707 835 923 1111 1419
dung 457 779 795 841 843 1011 1151
dyes 226 334 456 1249 1251 1381 1511
fads 233 359 504 584 709 809 835
fees 234 290 316 669 711 712 851
flak 461 462 587 588 589 714 715
fled 234 850 916 1116 1255 1256 1356
flow 540 589 850 963 1118 1119 1261
foal 591 717 853 1102 1120 1394 1537
four 544 844 897 1071 1120 1135 1212
funk 324 412 478 641 1002 1016 1386
gain 741 765 773 879 1198 1266 1388
gals 30 240 341 342 629 1389 1390
gins 61 104 201 216 237 428 471
goat 565 832 855 884 1001 1394 1692
goes 207 226 732 851 943 1124 1693
goof 722 856 862 896 946 1051 1395
gout 750 771 827 933 998 1175 1547
gunk 324 412 471 478 641 994 1016
halt 31 50 860 880 1269 1400 1446
hand 149 473 609 727 782 810 861
harp 16 473 474 555 829 1067 1128
heel 91 172 349 711 891 903 1141
help 91 728 858 1401 1555 1565 1638
hint 511 612 620 801 860 861 863
honk 246 352 477 478 568 974 1155
hoop 352 353 599 639 698 862 1025
hung 478 727 779 795 863 985 1151
jeep 288 435 634 703 738 812 1013
jeer 289 315 333 509 1012 1019 1075
jigs 482 510 525 586 607 705 941
jump 514 690 708 735 752 778 793
junk 324 412 478 641 994 1002 1278
king 534 608 638 776 813 841 870
lawn 362 741 910 950 980 1042 1253
leer 289 315 333 509 871 1013 1075
lids 359 437 488 643 687 748 1144
lied 748 840 930 1076 1163 1284 1571
limp 365 742 752 1433 1573 1574 1635
loan 253 745 875 1154 1286 1307 1575
lobe 33 53 251 367 491 493 906
loop 181 253 490 639 698 876 1010
lord 33 592 610 699 814 875 1412
maid 124 740 879 909 1041 1171 1577
meek 388 404 678 774 871 1121 1288
meld 375 496 619 728 753 1031 1080
mess 372 378 872 1152 1153 1513 1580
mild 17 127 373 375 1029 1081 1290
mown 129 498 921 1072 1154 1244 1263
muse 185 380 759 780 887 1034 1387
mute 34 260 887 1033 1105 1287 1293
nice 191 364 382 497 625 704 937
nook 352 441 447 490 645 762 804
nuns 81 97 204 210 281 471 627
oink 200 259 268 366 427 526 608
oust 185 325 369 529 581 725 868
pact 265 384 385 503 506 1326 1384
paid 186 740 765 909 1027 1162 1171
pawn 386 765 910 950 980 1018 1253
pelt 58 133 564 680 753 847 1044
pert 58 133 384 770 893 1043 1432
pipe 60 95 187 389 527 894 942
plop 639 657 898 1119 1165 1300 1435
posy 391 392 1166 1168 1581 1593 1610
push 380 693 724 781 864 878 1168
rift 524 874 1306 1310 1391 1608 1732
road 522 855 875 1173 1174 1307 1328
roof 398 645 862 896 907 946 1000
rude 101 276 646 780 1053 1111 1424
rule 63 102 646 780 887 1052 1771
safe 35 64 196 197 282 403 695
scar 13 660 784 789 922 1177 1308
sham 287 292 294 659 784 1309 1334
ship 539 785 914 968 1178 1205 1455
silk 199 200 653 655 1290 1311 1325
skid 909 913 914 915 1060 1180 1312
skim 913 914 915 917 1059 1312 1467
slew 540 850 916 1188 1219 1318 1614
slug 407 787 788 1313 1454 1457 1592
some 138 166 197 220 410 733 803
sped 36 916 1189 1318 1321 1449 1742
stab 536 796 922 1066 1177 1187 1463
stag 407 663 922 1065 1181 1187 1309
tarp 37 206 555 667 829 1005 1191
task 295 546 561 881 925 1099 1331
then 928 1192 1204 1327 1470 1472 1473
toil 413 717 802 805 973 1093 1183
tour 544 844 897 933 993 1135 1212
town 146 549 921 932 1032 1244 1263
vans 57 73 140 329 418 551 709
vase 160 215 303 418 935 1114 1200
veer 289 315 333 509 1013 1019 1199
vied 840 930 1021 1077 1163 1199 1633
vies 334 548 637 748 1076 1199 1633
weak 308 562 632 678 744 926 1079
wean 308 434 679 745 838 883 1078
weld 424 425 426 680 728 1029 1081
wild 39 107 311 681 1031 1080 1082
wily 39 107 681 1081 1427 1491 1572
wool 591 684 697 768 805 945 946
worm 22 676 721 814 815 947 1715
aced 953 1343 1346 1352 1353 1700
alms 954 956 957 1087 1498 1676
arms 954 958 1086 1217 1350 1648
balm 2 40 431 821 1297 1362
barb 3 23 150 151 432 1818
beds 76 316 437 443 688 1484
beef 315 316 435 436 563 1444
blot 111 409 963 1165 1220 1229
boil 148 717 964 973 1070 1183
brag 965 1095 1110 1359 1368 1658
brat 74 565 965 1094 1359 1376
brew 1219 1222 1236 1264 1378 1657
burp 158 690 692 828 1098 1224
burr 158 692 828 1097 1224 1731
cask 160 330 331 561 881 1068
chap 696 968 969 1203 1226 1514
claw 589 696 830 831 971 972
coal 697 832 973 992 1394 1516
crow 1170 1222 1236 1237 1267 1364
curl 222 448 976 977 1370 1557
cute 117 448 970 1034 1287 1369
deft 164 1148 1371 1520 1554 1669
dews 636 652 839 1152 1157 1521
doer 226 333 844 1375 1381 1693
dork 454 575 700 720 769 947
drag 1094 1245 1368 1376 1377 1671
dude 457 984 1052 1248 1380 1424
dusk 580 581 759 1136 1331 1670
earn 423 432 458 837 1211 1673
ease 160 215 845 1074 1674 1811
fist 121 613 710 755 1260 1534
flee 850 990 1255 1256 1540 1546
flip 461 539 1119 1228 1506 1535
flog 714 787 991 1119 1366 1683
flop 461 657 991 1046 1117 1118
foul 591 717 853 992 993 1459
geek 388 404 678 774 871 1028
give 242 453 489 731 849 1277
glum 788 1262 1301 1392 1500 1547
gods 161 644 658 895 999 1158
gong 470 689 843 854 919 1150
grip 723 1127 1265 1266 1330 1525
grit 723 1126 1265 1266 1388 1768
harm 16 473 474 676 1005 1252
heck 472 477 633 961 981 1421
hems 603 726 1131 1132 1259 1401
hens 267 415 747 839 1130 1132
hers 729 859 1130 1131 1270 1271
hike 350 730 731 749 894 962
host 254 353 392 500 601 834
hour 544 844 897 993 1071 1212
husk 478 759 864 1112 1274 1331
ions 67 114 336 543 1250 1702
jilt 655 681 860 869 931 1139
jolt 321 376 574 983 1138 1201
joys 323 355 356 481 482 934
keel 711 738 891 903 1006 1142
keen 532 563 679 738 928 1141
kick 608 611 653 766 929 1207
kids 437 643 687 739 1020 1409
kite 193 260 439 656 739 970
leaf 486 744 745 1147 1239 1575
leap 486 744 745 858 1146 1172
left 52 123 874 1106 1149 1554
loft 181 254 750 874 1148 1316
long 53 689 843 919 1125 1151
lung 616 779 795 985 1011 1150
mews 129 636 652 1030 1107 1157
miss 372 378 755 1030 1402 1409
moan 498 883 884 1023 1032 1307
monk 259 568 756 974 1009 1847
nape 159 263 465 666 889 1276
news 624 636 652 1107 1152 1422
nods 161 644 658 761 895 1124
note 228 383 399 761 763 1481
oops 46 156 209 262 390 600
owes 1295 1429 1430 1588 1726 1727
pair 186 765 1041 1268 1280 1385
pied 637 840 930 1021 1076 1299
play 462 538 831 1169 1435 1591
plot 409 1046 1092 1229 1300 1435
pony 824 1047 1329 1439 1593 1594
poor 639 768 896 897 1302 1375
posh 391 392 1047 1048 1302 1396
pray 965 1164 1196 1257 1493 1596
prow 898 1103 1222 1267 1303 1598
raid 394 740 773 909 1027 1041
reap 100 190 522 858 902 1147
roam 902 907 1050 1174 1307 1537
roar 100 789 1050 1173 1221 1307
rout 398 750 771 827 933 1001
ruff 1223 1238 1273 1292 1304 1608
scab 536 784 796 1055 1065 1308
shin 913 1057 1192 1227 1319 1452
sirs 201 202 406 535 713 955
slid 539 786 909 916 917 1059
snag 407 663 1066 1309 1314 1457
soap 408 789 797 1314 1460 1616
soil 401 717 973 1070 1093 1459
spas 531 659 660 661 791 792
spit 661 786 915 1319 1320 1466
spun 791 1319 1321 1322 1452 1465
stay 538 664 792 922 1065 1066
stew 1061 1318 1324 1461 1462 1614
sued 36 662 916 1064 1449 1518
sure 138 202 448 877 899 1619
tamp 205 742 900 967 979 1067
thin 1069 1178 1227 1470 1628 1745
tiny 38 104 801 1285 1329 1747
toed 207 299 672 930 1272 1328
tram 668 1196 1197 1235 1398 1477
tray 965 1169 1195 1257 1477 1493
trim 723 1195 1330 1360 1597 1748
vain 741 765 773 879 995 1630
vier 1075 1076 1077 1299 1475 1633
vise 304 305 397 682 937 1074
volt 321 376 552 574 983 1139
waft 106 811 939 1306 1371 1482
whap 1100 1205 1206 1334 1335 1766
when 679 1069 1486 1487 1488 1767
whip 968 1057 1203 1206 1489 1763
whop 785 969 1203 1205 1490 1764
wick 427 611 653 766 929 1143
wish 557 682 1336 1374 1534 1636
yank 72 402 484 546 642 836
yard 150 212 444 473 610 1211
yarn 423 432 837 950 1113 1210
your 544 844 897 993 1071 1135
yuck 411 569 580 614 621 807
ages 953 956 959 1215 1346
apes 953 956 959 1214 1780
arid 1265 1343 1501 1502 1647
arks 958 1087 1350 1563 1650
bias 109 216 437 440 823
blew 850 963 1061 1096 1356
blob 918 963 1092 1393 1505
boar 25 440 565 789 1174
brow 963 1096 1103 1170 1267
buff 1176 1238 1273 1292 1304
burg 158 692 828 1097 1098
butt 15 325 691 1293 1440
chat 832 1100 1335 1471 1514
chin 968 1178 1192 1231 1663
clip 539 696 968 1117 1506
clot 409 1092 1165 1365 1366
coda 161 218 1232 1367 1617
coin 833 973 1227 1286 1704
cola 573 574 1230 1357 1367
comb 220 1367 1476 1509 1637
crab 1235 1245 1368 1397 1793
cram 972 1195 1234 1368 1398
crew 1096 1103 1264 1363 1378
crop 698 898 969 1103 1526
cuff 1176 1223 1273 1292 1304
deaf 87 119 579 838 1146
deem 223 333 650 703 927
dial 119 165 1379 1607 1632
docs 226 335 336 337 454
doom 825 876 907 1340 1375
down 921 980 1032 1072 1263
drab 1110 1234 1376 1377 1397
duel 120 456 1247 1379 1541
duet 456 581 1246 1373 1527
duke 457 1111 1305 1380 1582
dyed 223 840 986 1381 1532
eons 67 114 336 543 1137
eyes 986 1383 1511 1531 1532
farm 49 676 721 1128 1254
fawn 910 950 980 1018 1042
firm 169 713 721 1252 1533
flea 850 990 1116 1256 1859
flex 850 990 1116 1255 1681
fray 462 965 1169 1196 1493
furs 158 713 1431 1542 1543
gems 469 857 1130 1390 1695
gist 613 725 755 1115 1391
glow 540 963 991 1267 1393
glue 1123 1507 1515 1546 1547
gown 722 921 1032 1072 1244
grew 1096 1236 1267 1378 1694
grid 723 1126 1127 1216 1266
grin 723 995 1126 1127 1265
grow 1103 1170 1222 1261 1264
hair 245 1162 1280 1385 1696
half 31 50 1003 1400 1512
herb 729 859 1132 1271 1760
hero 729 859 1132 1270 1876
hoed 349 351 599 732 1194
huff 1176 1223 1238 1292 1304
hulk 176 478 966 1136 1325
jade 214 371 553 584 1276
jape 159 465 666 1156 1275
jive 453 489 731 849 1122
june 457 616 646 808 1016
lacy 178 358 1283 1570 1604
lair 740 741 1162 1268 1385
lama 92 742 1411 1707 1843
laud 609 610 740 1354 1412
lazy 485 1279 1414 1553 1570
lien 748 1021 1571 1708 1846
liny 11 366 612 1193 1572
loin 253 741 1023 1231 1704
lute 249 616 877 1034 1105
meet 436 495 712 753 1028
mere 4 55 128 859 1333
milk 17 127 259 1031 1058
moms 129 262 374 377 378
muff 1176 1223 1238 1273 1304
mutt 185 1034 1225 1416 1440
nibs 626 775 823 848 888
odes 1161 1429 1430 1560 1716
oven 1428 1529 1586 1589 1725
palm 19 131 629 1088 1362
path 12 882 960 1426 1434
pier 509 637 1163 1199 1475
plod 1046 1165 1303 1365 1435
plum 788 1123 1500 1592 1728
pooh 639 768 896 1167 1168
prod 898 1170 1300 1598 1749
puff 1176 1223 1238 1273 1292
puke 513 894 899 1248 1582
raft 901 1049 1202 1371 1605
roan 1023 1050 1154 1173 1174
scan 784 791 924 1055 1177
shag 407 663 1056 1066 1181
sift 655 874 1049 1316 1391
silo 199 655 1058 1408 1458
skis 913 914 915 1059 1060
slur 544 788 1062 1322 1656
snap 408 797 1181 1182 1455
snow 540 912 1324 1410 1456
soft 293 1149 1310 1317 1741
sort 138 293 770 852 1316
spew 1061 1064 1188 1614 1742
spin 791 913 1178 1185 1186
spot 293 409 661 911 1185
spud 1064 1186 1322 1464 1611
spur 544 660 1186 1313 1321
stop 657 785 1324 1462 1652
stow 540 912 1188 1315 1323
sulk 411 412 966 1058 1274
tact 295 667 1040 1384 1621
thee 1069 1472 1473 1478 1486
toad 672 855 875 1050 1194
tony 67 208 824 1166 1193
trip 1126 1197 1477 1525 1748
tusk 759 807 1068 1112 1136
wasp 555 557 1336 1443 1545
were 0 22 69 859 1289
wham 1056 1203 1335 1489 1490
what 1203 1226 1334 1471 1487
wisp 682 1208 1332 1574 1635
yeas 312 508 531 800 1769
yoke 446 513 560 944 1405
yowl 853 964 1404 1406 1495
zoom 825 876 907 1243 1341
zoos 79 162 377 684 1340
ache 1344 1496 1497 1641
acid 1085 1216 1501 1502
acre 430 1342 1496 1497
acts 953 957 958 1349
aged 1085 1214 1352 1353
ails 687 954 955 1584
airy 430 955 1491 1654
ants 957 958 1345 1779
arcs 958 1087 1217 1781
aunt 515 647 691 863
awed 1085 1346 1353 1726
axed 959 1085 1346 1352
baud 149 150 821 1282
bawl 40 148 964 1495
bled 916 990 1219 1657
bola 110 320 321 1232
both 10 960 1417 1548
bran 434 965 1094 1095
brim 723 1197 1597 1658
busy 325 692 693 1660
calm 327 1088 1297 1512
chew 1236 1364 1662 1858
chow 912 969 1103 1363
clod 971 1229 1300 1366
clog 787 1118 1229 1365
coma 220 1230 1232 1233
crag 1094 1110 1234 1235
cube 221 448 1105 1479
curb 448 976 977 1104
daft 576 1106 1202 1306
deny 164 839 1520 1521
diet 334 840 1247 1522
dish 577 1208 1534 1800
door 844 1108 1167 1243
drat 1095 1110 1245 1377
draw 1110 1245 1376 1378
drew 1096 1236 1264 1377
dual 119 120 1241 1246
dupe 88 457 1111 1248
dyer 333 986 1108 1249
emit 1675 1679 1812 1854
eves 1251 1529 1530 1531
fact 583 710 1040 1326
fair 229 1162 1268 1280
fund 340 459 718 994
fuse 780 1033 1543 1684
gait 939 995 1127 1503
gala 30 240 996 1544
gels 469 996 1259 1807
gift 874 1049 1260 1310
glim 723 917 1123 1691
glob 918 1220 1261 1691
goal 855 992 998 1102
golf 593 1000 1549 1765
gosh 343 724 1168 1548
grab 1234 1245 1398 1824
gram 723 1195 1235 1397
guys 345 471 694 857
halo 31 50 1003 1269
hemp 735 858 1007 1130
hiss 476 597 1153 1409
horn 815 826 833 932
howl 853 964 1339 1406
joke 446 513 944 1338
jowl 853 964 1339 1404
kegs 635 688 746 1841
kilo 247 869 1311 1566
kiss 739 1144 1153 1402
know 1315 1567 1568 1569
lamb 92 742 1281 1573
loud 750 875 1026 1282
lurk 614 743 877 1420
mazy 258 1283 1553 1578
mini 18 259 373 620
mitt 260 620 755 1293
moth 882 1358 1548 1712
much 380 621 1618 1723
muds 443 886 923 984
murk 617 621 759 1413
neck 633 961 981 1129
newt 264 760 1157 1423
next 264 760 1422 1622
nude 761 1052 1111 1582
oaks 130 501 1494 1583
oath 130 882 960 1298
oily 1082 1572 1584 1855
omen 1296 1586 1589 1777
ones 1161 1295 1430 1585
ores 1161 1295 1429 1856
ours 158 501 502 1258
perm 893 1044 1469 1687
pimp 514 1022 1438 1635
pith 96 1298 1590 1636
ploy 1046 1164 1165 1300
poet 392 770 771 1860
polo 134 767 1458 1729
pomp 514 639 1433 1609
puny 97 515 641 1166
putt 62 515 1225 1293
pyre 20 21 899 1576
quit 1466 1601 1602 1603
rasp 519 900 1332 1545
reef 523 774 903 1091
roll 102 767 802 842
salt 64 655 880 1003
scum 784 788 1468 1611
sewn 532 652 910 921
shed 36 916 1064 1189
shoe 785 911 912 1451
shoo 785 911 912 1450
shun 1178 1186 1465 1612
size 65 202 654 656
smug 1062 1457 1739 1740
snip 539 914 1057 1314
snob 918 1315 1568 1615
snug 1062 1181 1454 1615
solo 410 790 1311 1437
soul 544 1120 1183 1460
soup 544 1182 1459 1667
stem 650 1188 1462 1837
step 288 1188 1323 1461
stub 1065 1464 1465 1615
stud 1321 1463 1465 1611
stun 1186 1452 1463 1464
suit 786 915 1185 1442
swim 294 917 1060 1468
swum 294 788 1447 1467
term 668 927 1432 1687
than 1069 1192 1471 1744
that 1226 1335 1470 1744
them 927 1069 1327 1473
they 1069 1327 1472 1488
tics 104 300 548 929
tier 548 930 1199 1299
tomb 803 1233 1509 1637
trap 1195 1196 1330 1766
tree 1327 1540 1867 1868
tube 550 808 1369 1625
type 666 1699 1754 1869
vote 228 399 552 1159
watt 106 811 939 1202
wavy 307 556 1761 1848
weds 558 809 1090 1762
wept 147 309 680 1840
whee 1204 1327 1487 1488
whet 1204 1335 1486 1488
whey 1204 1473 1486 1487
whim 1205 1334 1490 1763
whom 1206 1334 1489 1764
wiry 69 556 1082 1348
woks 559 684 943 944
xray 965 1169 1196 1257
yaks 429 816 949 1425
yawl 816 950 1339 1355
acme 1342 1344 1497
acne 1342 1344 1496
alas 956 957 1086
alto 957 1776 1785
alum 788 1123 1301
amid 1216 1343 1502
avid 1216 1343 1501
bait 148 939 1388
bird 150 438 1688
blab 536 587 1220
blip 539 1117 1228
blue 1262 1515 1656
body 566 824 1510
bomb 1233 1476 1637
boxy 824 1508 1815
byes 316 986 1251
calf 327 1269 1362
cess 872 978 1030
char 1100 1226 1796
clue 1262 1507 1666
coax 832 1102 1825
copy 46 115 1523
cued 701 976 1189
cult 222 574 977
defy 1106 1372 1521
dewy 1107 1372 1520
dirt 225 576 1373
dopy 88 1517 1524
dozy 455 1523 1719
drip 1126 1330 1526
drop 898 1237 1525
duct 580 581 1247
duly 120 1705 1803
even 1296 1383 1530
ever 1383 1529 1725
exes 959 1251 1383
eyed 1249 1251 1809
film 122 236 1254
fish 1115 1208 1374
flit 588 786 1117
flub 587 1666 1681
foam 721 992 1173
folk 463 720 1874
font 464 718 852
free 1116 1478 1682
fuel 238 711 1246
fury 692 1258 1564
fuss 978 1258 1387
gaga 239 341 1389
gasp 343 1332 1443
glee 1116 1262 1820
glut 1001 1123 1262
goth 1358 1396 1417
gulf 244 1395 1550
gulp 244 1549 1599
haul 50 245 1579
hawk 472 474 1819
hazy 595 1283 1414
heft 596 1106 1148
helm 91 728 1007
holy 174 351 1698
hurl 176 1104 1558
hurt 863 977 1557
ices 953 1560 1700
ides 1295 1559 1828
inks 1563 1702 1833
into 1629 1717 1832
irks 1217 1561 1834
jury 692 1542 1705
kelp 738 1007 1638
kiln 247 869 1408
knew 1410 1778 1842
knob 1410 1456 1569
knot 1410 1568 1706
lady 359 1279 1283
lieu 748 1021 1284
lily 1082 1285 1427
limb 365 1022 1411
lisp 613 1022 1336
loaf 875 1023 1146
lyre 33 877 1441
maim 124 879 1027
many 54 1414 1875
maul 124 182 1551
mesh 126 380 1030
nosy 763 1047 1610
nuke 1248 1305 1424
oafs 130 501 1425
oils 1347 1427 1588
onus 1429 1721 1822
open 1296 1428 1589
opts 130 502 1721
owls 1161 1584 1727
oxen 1296 1428 1586
pity 96 1434 1665
plan 715 830 1164
plug 1062 1301 1728
poky 513 1047 1166
pond 567 718 1166
prep 634 898 1596
prey 1169 1595 1694
prim 723 1197 1360
pros 898 1170 1303
pulp 271 514 1550
pupa 772 1730 1857
quid 1442 1602 1603
quip 1442 1601 1603
quiz 1442 1601 1602
racy 272 516 1279
rapt 136 901 1306
rein 773 1630 1734
rial 190 1241 1632
riff 524 1049 1176
romp 778 900 1438
rosy 194 1047 1581
scud 1321 1447 1464
shut 911 1452 1740
sigh 1697 1714 1863
skew 1061 1188 1318
snub 1456 1457 1463
soak 542 789 1182
soda 658 1230 1741
such 411 1418 1723
surf 1190 1738 1751
talc 66 139 925
taut 667 933 1326
text 142 416 1423
thug 1624 1664 1746
thus 1623 1745 1746
tuba 550 1479 1626
tuna 210 808 1625
turn 828 932 1751
twin 1192 1752 1753
unto 1562 1717 1870
vein 1198 1606 1759
very 1758 1760 1808
vial 674 1241 1607
view 1076 1077 1199
walk 422 431 925
wimp 1022 1336 1433
with 683 1208 1434
womb 1233 1476 1509
yelp 817 1007 1565
able 1640 1787
ably 1639 1775
achy 1342 1783
adds 687 1716
afar 1644 1645
agar 1643 1645
ajar 1643 1644
amps 1651 1830
aria 1216 1782
army 1087 1649
arty 958 1648
asks 1217 1651
asps 1646 1650
atop 1323 1784
away 664 1654
awry 1348 1653
beta 76 1877
blur 1313 1507
bred 1096 1356
brig 1094 1360
bulb 157 966
buoy 692 1361
byte 24 439
chef 1363 1792
chic 968 1227
chug 1623 1791
city 970 1590
club 1515 1536
coup 698 1460
cyst 331 834
debt 164 1106
desk 981 1112
drug 1110 1802
dumb 708 1851
earl 458 1113
easy 845 1114
edit 1382 1679
elms 1086 1810
errs 458 1813
etch 1703 1804
exit 1382 1675
feud 234 340
flux 1256 1536
fret 712 1540
frog 1118 1816
fume 231 1387
fuzz 1789 1814
gene 468 470
germ 1432 1469
gird 1504 1689
girl 243 1688
glad 855 971
glib 1392 1393
gnat 998 1821
goer 999 1108
grey 1264 1596
gyms 857 1259
heir 90 1268
high 1613 1714
homy 733 1556
hype 354 1480
iced 1085 1559
idle 1829 1836
inns 1137 1561
itch 1678 1831
join 1231 1286
july 1528 1564
knit 1569 1871
lava 1281 1838
lion 253 1284
loch 252 1710
loci 252 1709
logo 180 1729
myth 882 1417
nerd 729 890
nigh 1613 1697
norm 721 1084
odds 1295 1642
onto 1562 1629
ooze 455 1719
oozy 1524 1718
opal 1722 1724
opus 1585 1587
oral 1720 1724
ouch 1418 1618
oval 1720 1722
over 1296 1530
owed 1161 1352
owns 1161 1588
plus 1301 1592
pogo 1437 1711
puma 514 1600
purr 899 1098
riot 398 1049
risk 397 526
ruin 773 1606
sago 282 283
sect 198 291
self 533 1738
serf 1619 1737
smog 787 1454
smut 1454 1612
sofa 1316 1617
spec 1064 1318
sumo 793 794
thaw 1470 1471
this 1192 1624
thud 1623 1624
tidy 547 1193
trio 1197 1330
trod 1303 1750
trot 417 1749
turf 1619 1627
twig 1628 1753
twit 1628 1752
tyke 297 1480
used 1756 1757
user 1755 1757
uses 1755 1756
vary 556 1631
veil 674 1630
verb 1270 1631
waxy 556 1483
webs 558 1484
whir 1205 1489
whoa 1206 1490
wolf 946 1395
wrap 1203 1477
wren 679 1204
writ 939 1127
yeah 312 1337
yoga 1866 1873
yule 887 1053
abet 1773
abut 1772
akin 913
ally 1640
also 1499
amen 1428
anew 1567
ante 1349
apex 1215
arch 1350
area 1647
ashy 1641
atom 1652
auto 1499
axis 959
axle 1639
baby 820
buzz 1685
cede 218
chum 1664
clef 1662
crib 1234
cusp 978
cyan 830
czar 1514
data 163
deli 224
demo 1844
disc 1374
diva 453
drum 1671
duty 1528
each 1678
edge 1806
edgy 1805
eels 1390
eery 1631
eked 1532
elks 1676
else 1114
emir 1382
eras 1677
fizz 1685
foxy 1510
from 1683
gamy 170
garb 1089
gawk 1552
glen 1546
gnaw 1692
gnus 1585
gory 344
grub 1397
hoax 1516
huge 175
icon 1835
idea 1560
idly 1701
imps 1646
inch 1703
info 1562
inky 1561
iris 1563
iron 1827
isle 1701
item 1461
java 1707
jerk 893
kept 1485
keys 1407
knee 1567
mama 1281
memo 1799
menu 496
mien 1284
mono 1155
navy 1483
neon 762
noun 762
numb 1672
ogle 1853
ogre 1852
omit 1382
only 1427
orbs 1430
papa 1600
phew 1363
plea 1255
poem 1436
rich 191
ruby 279
sign 1613
spry 792
stir 922
toga 1770
trek 1478
true 1478
typo 1480
undo 1629
unit 1706
veto 675
yogi 1770
yolk 1538
zany 1578
zero 1271
zeta 1655
afro
agog
ahoy
aloe
ammo
amok
anal
aqua
aura
avow
axon
crux
dodo
ebbs
echo
eggs
emus
ends
envy
epic
ergo
euro
evil
exam
expo
fern
fief
guru
gyro
hobo
hymn
ibex
idol
ills
imam
iota
jazz
jinx
judo
kiwi
levy
liar
lira
lynx
mega
meow
noel
obey
oboe
ohms
okay
once
onyx
orca
quay
redo
rely
revs
semi
sync
taxi
tech
thou
tofu
tuft
tutu
ugly
upon
urge
urns
void
yeti
yoyo
zinc
