1946
care 1 2 3 5 13 14 15 18 26 28 39 40 45 61 73 107 108 109 136 434 435 438 561 957
ware 0 2 3 15 18 21 28 45 61 63 64 95 96 136 204 205 302 410 413 543 544 668 669 1325
bare 0 1 3 4 8 15 18 22 23 28 45 61 66 105 136 147 151 206 207 421 809 1076
mare 0 1 2 7 15 18 28 34 45 50 51 61 122 126 136 253 255 256 357 606 607 1278
bale 2 7 8 17 23 30 31 59 60 66 67 101 116 147 154 207 299 729 809 948 1207
core 0 19 21 33 42 51 79 105 112 137 143 158 216 320 332 436 438 549 691 820 821
done 29 42 44 49 77 78 102 162 163 224 225 244 298 324 367 445 447 461 699 830 940
male 3 4 9 17 30 31 34 50 59 60 116 122 127 177 253 256 299 357 729 867 874
bane 2 4 14 23 32 36 44 50 52 66 68 95 102 147 149 150 207 309 406 809
mile 7 35 38 58 124 125 126 127 154 182 199 233 258 300 490 616 747 871 874 1143
pats 12 41 53 55 57 86 89 129 167 179 230 263 368 371 378 541 572 620 622 1288
sear 24 76 80 90 131 140 192 282 283 285 303 307 326 366 458 523 652 780 910 1042
bats 10 22 23 25 41 65 68 89 99 129 153 155 167 179 230 310 541 572 949
came 0 14 26 39 73 75 82 107 108 109 166 191 198 213 216 228 561 876 956
cane 0 8 13 26 32 36 39 42 44 50 52 73 95 107 108 109 214 406 561
hare 0 1 2 3 18 28 31 45 61 136 335 338 464 465 466 584 849 1117 1118
line 20 32 35 49 77 84 93 234 351 352 353 409 481 494 601 605 742 860 1274
pale 4 7 18 30 31 52 59 60 116 130 133 182 299 497 500 619 620 729 1287
pare 0 1 2 3 15 17 19 28 45 52 61 136 369 497 500 619 621 888 1431
pore 5 18 21 33 51 79 105 133 137 143 332 374 376 506 549 760 885 888 1431
wine 16 35 38 64 77 84 93 95 234 305 306 409 417 418 494 674 802 929 931
wore 1 5 19 33 51 64 79 105 137 143 332 549 803 804 933 936 1071 1072 1325
bars 2 12 40 63 65 68 151 153 157 206 255 294 310 421 448 470 495 1076
bate 2 4 8 12 34 66 88 147 160 207 229 239 247 335 428 809 949 1653
bear 11 69 76 80 90 131 140 303 307 311 326 366 422 423 458 550 810 1211
buts 12 57 72 99 106 115 155 157 172 189 333 432 475 496 559 618 686 1352
cake 0 13 14 39 66 73 107 108 109 122 174 183 190 204 227 293 436 561
caps 40 41 43 83 94 108 135 211 212 213 214 254 260 281 329 419 677 964
dare 0 1 2 3 15 18 44 45 61 75 116 136 160 222 440 565 695 824
dole 6 78 92 101 116 127 133 162 163 169 224 225 397 445 542 699 829 1098
gale 4 7 17 31 59 60 116 166 237 238 239 240 299 456 457 729 983 1380
hale 4 7 15 17 30 46 59 60 116 169 299 335 466 584 729 990 1258 1391
lane 8 14 16 36 44 49 50 52 82 95 174 247 346 406 476 477 598 605
lore 5 19 21 49 51 79 105 137 143 332 355 483 486 549 864 1011 1013 1569
mate 3 7 23 50 88 122 160 179 229 239 247 253 256 258 335 357 869 1021
mine 9 16 20 50 77 84 93 126 234 257 258 359 409 490 491 494 747 1406
sane 8 14 32 44 50 52 59 93 95 190 191 278 280 389 390 406 773 1041
seed 219 231 284 285 286 296 337 391 414 515 524 641 643 877 905 1051 1180 1439
wile 9 20 58 64 146 154 182 199 233 300 305 547 616 674 929 931 1068 1069
cade 0 13 14 26 73 107 108 109 147 158 212 253 410 449 561 1129 1654
cars 0 22 27 41 63 211 212 213 214 255 294 434 435 448 470 495 957
cats 10 12 27 40 89 113 115 129 167 179 211 212 213 214 230 541 572
cone 5 6 14 49 102 111 112 158 216 244 298 320 367 436 461 940 1091
cops 27 74 110 111 112 113 114 159 202 210 215 259 375 589 964 1150 1510
dane 6 8 14 28 32 36 50 52 75 77 95 116 160 406 440 447 823
fare 0 1 2 3 15 18 28 61 79 136 165 227 228 229 449 573 1241
hall 31 67 81 130 138 171 177 238 242 243 317 325 412 990 1258 1391 1544
lags 65 83 134 175 245 246 248 279 292 301 328 334 345 349 604 613 739
lest 98 119 120 132 251 261 304 348 356 381 403 408 471 602 678 859 1138
lone 6 16 32 33 42 102 244 298 355 367 461 483 486 605 940 1011 1140
mane 3 7 8 14 32 34 35 36 44 52 95 122 253 256 357 406 1571
more 3 5 19 21 33 79 105 126 127 137 143 332 493 549 749 750 1278
pane 8 14 17 18 32 36 44 50 53 84 95 406 497 498 499 500 619
pans 10 52 56 68 87 139 214 263 264 368 371 498 499 620 622 702 1060
pent 97 120 132 141 145 161 264 271 287 407 459 499 504 563 633 1030 1031
pets 10 57 86 99 264 350 378 392 460 501 546 595 615 626 627 666 880
pins 53 84 85 86 87 142 194 209 235 264 266 418 503 504 628 629 984
puts 10 25 55 86 87 115 172 189 267 333 378 475 496 618 631 762 1430
rile 9 38 91 92 154 182 185 187 199 233 300 382 383 516 519 616 1040
sale 4 7 17 30 31 36 60 116 190 191 278 299 390 397 729 1041 1436
tale 4 7 17 30 31 59 61 116 138 198 199 293 299 658 729 1054 1613
tare 0 1 2 3 15 18 28 45 60 136 143 198 293 294 404 658 791
tons 111 139 142 144 201 202 203 298 324 402 405 534 797 922 1128 1239 1320
wars 1 22 40 96 205 255 294 301 413 448 470 495 544 667 668 669 670
wire 1 20 21 38 126 165 195 222 305 338 404 420 674 929 931 1325 1482
bags 12 22 47 68 70 72 134 153 279 292 301 310 328 334 613 681
bake 2 4 8 23 26 122 147 174 183 190 204 207 227 293 809 951
ball 4 46 130 138 148 156 177 208 238 313 317 325 412 948 1207 1346
bans 8 12 22 53 65 106 139 149 150 153 209 214 309 310 702 1060
beat 24 97 98 192 422 423 425 488 550 552 554 574 585 752 810 1082
bogs 65 71 72 100 103 175 210 215 323 430 431 473 553 587 681 709
bows 70 100 103 114 128 144 196 210 252 430 431 520 548 553 927 954
bugs 25 65 70 106 157 170 267 276 432 559 596 604 664 681 686 873
cave 0 13 14 26 39 107 108 109 240 270 302 320 390 466 500 561
cobs 43 100 110 111 113 114 159 211 215 217 249 272 360 472 532 579
dame 13 28 44 82 116 160 162 166 191 198 228 439 440 441 876 968
dear 11 24 80 90 117 131 140 303 307 321 326 366 458 568 825 1228
dine 6 16 20 35 44 84 93 222 234 409 441 443 447 494 697 828
dope 6 29 112 162 163 224 225 274 342 374 445 483 493 699 1371 1516
fore 5 19 21 33 45 51 105 137 143 165 332 549 581 713 840 841
hear 11 24 76 90 131 140 168 303 307 326 336 366 458 585 848 1689
hell 46 168 171 220 232 243 313 401 415 562 642 719 806 992 993 1548
lame 13 32 75 166 174 191 198 228 247 346 352 477 735 876 1270 1402
laps 27 47 94 135 245 246 248 254 260 281 329 345 349 419 480 677
pine 16 20 35 52 56 77 93 182 234 266 409 494 504 629 882 1032
pips 56 86 186 297 375 393 442 467 480 503 617 628 762 807 880 1032
pits 10 55 56 57 85 155 378 451 503 526 586 628 675 732 1424 1583
puns 53 56 57 106 197 203 264 267 277 462 631 632 633 762 1024 1429
rate 23 34 89 136 160 183 187 229 239 247 269 270 335 379 385 513
rats 10 12 41 88 129 134 135 167 179 189 230 386 509 512 541 572
rear 11 24 76 80 131 140 184 303 307 326 366 458 514 891 1162 1164
ride 58 185 187 273 305 315 382 383 516 519 635 646 662 721 808 1039
role 29 58 101 127 133 169 188 273 274 385 387 397 542 895 1040 1435
sine 16 20 35 36 77 84 193 194 195 234 409 494 525 646 648 1444
taps 27 83 135 139 202 254 260 281 292 294 297 329 419 657 658 677
wane 1 8 14 20 32 36 44 50 52 204 302 406 410 543 799 800
wart 1 63 205 369 413 435 544 565 607 668 669 791 800 928 1191 1473
bent 54 69 98 120 141 145 161 271 287 314 407 425 459 552 563
best 48 69 97 119 132 261 304 381 403 408 425 433 471 552 678
bets 12 25 55 155 312 350 392 460 546 595 615 666 681 1077 1647
bobs 70 71 74 103 210 249 272 360 430 431 472 532 553 579 811
bole 4 29 92 102 105 127 133 154 169 316 397 429 542 555 1348
bone 6 8 42 49 101 105 244 298 367 461 555 682 812 940 953
boos 70 71 100 104 159 210 361 430 431 553 556 557 676 813 1333
boot 103 176 289 341 362 384 429 455 539 554 556 557 813 815 1079
bore 2 5 19 21 33 51 79 101 102 137 143 332 549 555 814
buns 25 68 72 87 157 197 203 209 277 432 462 559 560 686 1024
cage 0 13 14 26 39 73 108 109 237 278 379 543 561 619 1784
cape 0 13 14 26 27 39 73 107 109 112 456 561 658 1146 1264
case 0 13 14 26 39 73 107 108 207 318 319 561 1061 1087 1103
cods 43 74 111 113 114 158 159 212 215 636 650 883 1113 1148 1219
cons 42 43 62 74 110 113 114 159 214 215 324 534 1091 1128 1239
cope 5 42 43 78 108 158 216 274 320 342 374 436 483 493 1510
cots 41 43 74 110 111 114 115 159 215 378 386 405 444 474 485
cows 43 71 74 110 111 113 128 144 159 196 215 252 520 548 927
cuts 25 41 57 113 172 189 217 333 475 496 618 692 964 967 1094
dale 4 7 17 28 29 30 31 44 59 60 75 160 299 440 729
deal 76 168 184 220 282 295 372 487 568 665 825 939 1228 1230 1370
dull 156 171 218 220 221 236 241 268 364 744 755 829 1235 1370 1521
fest 48 98 132 261 304 381 403 408 471 574 678 703 705 835 1104
lent 48 54 97 141 145 161 271 287 407 459 479 563 601 740 1138
mail 148 177 181 226 242 380 388 400 411 594 614 866 1014 1570 1572
make 3 7 26 34 50 66 174 183 190 204 227 253 256 293 357
mash 152 178 318 330 347 358 365 511 545 566 583 774 868 869 1573
mill 9 125 146 164 177 200 208 221 243 265 331 344 364 871 1143
milt 9 124 491 547 609 647 722 731 746 793 867 871 1001 1143 1279
mire 3 9 35 51 64 165 195 222 258 338 404 420 490 747 1278
mole 7 9 29 51 92 101 133 169 397 492 493 542 749 750 874
mows 71 114 144 196 252 259 360 361 363 520 548 927 1019 1142 1280
oats 10 12 41 89 167 179 230 495 496 541 572 1415 1416 1576 1580
pall 17 46 67 138 177 181 238 265 268 317 325 412 620 758 1287
pear 11 24 76 80 90 140 303 307 326 366 372 458 501 502 623
pest 48 54 98 119 261 304 370 377 381 403 408 471 678 1030 1031
pole 17 19 29 92 101 127 169 182 374 376 397 506 542 758 1427
rags 47 65 89 135 276 279 292 301 328 334 379 509 512 517 613
raps 27 83 89 94 134 186 254 260 281 329 419 509 512 677 1598
rare 0 1 2 3 15 18 28 45 61 88 183 269 270 379 513
sore 5 19 21 33 51 79 105 143 195 332 397 549 1049 1181 1306
tall 46 60 67 130 177 200 238 317 325 400 401 412 795 1054 1613
tans 53 62 68 94 142 203 214 292 294 402 537 657 702 790 1060
tear 11 24 76 80 90 131 295 303 307 326 366 458 659 792 913
tent 54 97 120 145 161 271 287 402 403 407 459 563 661 918 1615
tins 56 62 139 194 203 209 235 297 402 418 538 918 984 1318 1465
tore 5 19 21 33 51 61 79 105 137 298 332 404 549 796 1058
tows 62 71 114 128 196 201 202 252 405 520 548 797 922 927 1184
went 54 97 120 141 161 271 287 304 407 416 459 563 673 800 1476
will 38 124 164 200 208 221 243 265 331 344 412 415 547 1068 1069
bade 2 4 8 23 39 66 207 253 315 410 449 555 809 1129
bail 67 121 181 226 242 380 388 400 411 594 614 1080 1346 1495
band 8 68 150 151 309 314 427 598 682 773 799 948 991 1345
bank 8 68 149 206 308 309 389 476 537 560 634 680 823 1198
bard 2 22 149 205 206 421 434 464 599 948 1076 1199 1345 1496
bash 123 207 310 318 330 347 511 545 566 583 680 685 774 949
bays 12 22 65 68 248 263 310 343 431 512 567 640 670 686
bile 4 9 38 58 101 182 199 208 233 300 315 428 616 951
bits 12 25 86 99 209 426 428 451 526 586 675 732 811 1208
bull 67 118 171 208 218 236 241 268 313 364 744 755 1084 1651
burs 22 25 72 106 432 559 684 686 816 1085 1086 1214 1247 1421
code 5 39 42 110 112 216 273 320 436 555 749 753 1219 1654
coos 43 74 103 110 111 113 114 215 361 437 676 689 690 1333
date 23 28 34 44 75 88 116 225 229 239 247 335 440 1791
dent 54 97 120 141 145 271 287 407 459 563 826 1095 1363 1662
dome 6 29 75 78 163 216 224 225 441 445 699 725 796 1049
dove 6 29 78 162 224 225 320 387 443 445 486 699 750 936
fill 124 146 200 208 221 232 233 236 243 265 325 331 344 1526
fire 45 64 79 126 195 222 233 234 338 404 420 706 837 1243
game 13 30 75 82 191 198 228 237 239 240 456 457 876 1811
hats 10 12 41 89 129 172 179 230 334 335 541 572 586 717
heal 80 81 117 184 282 295 336 372 487 585 665 848 939 992
hole 29 31 92 101 127 133 244 339 342 397 542 590 725 1549
hugs 72 172 267 276 334 587 591 592 596 604 664 726 873 1820
hull 46 81 118 156 218 236 241 243 268 364 744 755 1263 1550
huts 25 57 115 167 170 189 333 475 496 586 591 592 618 726
lack 250 262 291 308 346 463 476 508 522 600 603 736 853 1268
lake 26 32 66 82 122 183 190 204 227 247 293 346 477 742
logs 47 70 215 249 252 323 473 484 485 587 604 709 739 1704
loot 104 251 289 341 354 362 384 455 482 539 743 863 1012 1139
mall 7 46 67 121 124 130 138 238 317 325 364 412 867 1572
mast 123 180 319 348 358 370 607 609 611 703 832 867 868 924
mats 10 12 34 41 89 129 167 230 254 255 358 541 572 869
must 178 356 365 433 521 571 609 611 716 751 856 1020 1026 1283
pail 121 130 148 226 242 380 388 400 411 594 614 756 1028 1152
pile 9 17 38 58 84 133 154 199 233 265 300 616 882 1032
rake 26 66 88 122 136 174 190 204 227 269 270 293 379 513
real 90 117 168 282 295 372 487 514 665 891 892 939 1162 1600
rice 58 91 187 269 351 382 383 490 516 519 697 926 1022 1855
rips 85 135 297 393 442 467 480 517 519 617 635 765 807 893
rite 58 88 91 185 258 382 383 385 428 516 519 648 960 1135
rose 92 224 273 274 355 376 383 385 387 590 754 771 895 1603
ruts 25 57 89 115 172 275 276 277 333 386 475 496 618 897
sake 26 36 59 66 122 174 183 191 204 227 278 293 390 1041
same 13 36 59 75 82 166 190 198 228 278 390 876 1041 1049
seat 11 69 282 283 287 488 523 528 574 585 653 752 789 1729
sink 93 194 257 266 353 389 399 417 518 525 597 645 1025 1169
sins 56 93 142 193 197 209 235 393 418 525 526 534 984 1170
sire 64 93 126 137 165 222 338 404 420 646 648 1170 1181 1444
sows 71 114 128 144 252 520 532 534 548 639 644 650 909 927
suns 87 106 194 203 277 399 462 534 536 654 785 786 911 1024
tame 13 60 61 75 82 166 191 228 293 658 794 796 876 1316
tile 9 38 58 60 154 182 200 233 300 404 616 662 793 794
till 124 138 146 164 199 208 221 243 265 331 344 401 793 795
toes 62 144 202 223 405 538 660 724 797 839 922 932 986 1183
tops 43 62 94 144 201 210 259 297 375 405 589 797 922 1150
tuns 62 87 106 139 142 197 277 402 462 540 664 923 1024 1619
wake 1 26 66 95 122 174 183 190 227 293 302 410 543 933
ward 1 63 96 151 413 434 464 544 599 668 669 799 803 1199
bark 2 22 150 151 308 421 465 606 621 680 695 736 1076
base 2 4 8 23 66 109 147 152 310 680 809 1061 1103
bill 67 124 146 154 156 164 200 221 243 265 313 331 344
bins 56 68 106 142 155 194 235 418 426 427 811 984 1208
bops 43 70 71 100 103 202 259 375 430 431 553 589 1150
cabs 27 40 41 74 212 213 214 217 345 593 657 693 875
cads 27 39 40 41 110 211 213 214 245 368 667 694 833
cams 13 27 40 41 211 212 214 439 509 717 728 937 956
cans 14 27 40 41 53 68 111 139 211 212 213 702 1060
cogs 43 70 74 110 111 113 114 159 175 323 473 587 709
come 5 13 42 112 158 162 320 436 725 796 1049 1222 1358
cubs 74 115 211 275 536 540 591 631 692 700 964 967 1360
cull 118 156 171 236 241 268 317 364 562 744 755 1093 1512
deed 37 231 296 321 337 414 515 568 696 827 877 1229 1238
dell 81 117 118 221 232 313 401 415 562 642 806 829 1792
dill 118 124 146 164 200 208 220 243 265 331 344 829 1230
dire 28 64 77 126 165 195 338 404 420 441 443 697 1515
does 201 322 323 324 444 446 724 839 932 974 986 1097 1231
dose 6 29 78 162 163 188 225 355 376 445 590 699 754
dote 6 29 78 160 162 163 224 385 444 445 699 1149 1472
fail 121 148 181 242 325 380 388 400 411 594 614 710 1376
fake 26 45 66 122 174 183 190 204 228 229 293 449 573
fame 13 45 75 82 166 191 198 227 229 449 573 876 1677
fate 23 34 45 88 160 227 228 230 239 247 335 449 573
fats 10 12 41 89 129 167 179 229 451 541 572 702 833
feed 37 219 296 327 337 414 515 704 705 877 975 977 1673
fell 81 164 220 236 313 325 401 415 562 642 704 806 835
file 9 38 58 154 164 165 182 199 234 300 616 837 1526
fine 16 20 35 77 84 93 165 233 235 409 450 494 837
fins 56 142 194 209 234 418 450 451 575 702 706 836 984
full 118 156 164 171 218 232 241 268 325 364 744 755 1534
gage 30 107 166 239 240 278 328 379 456 457 543 619 1537
gall 30 46 67 130 138 177 241 317 325 331 412 983 1380
gate 23 30 34 88 160 166 229 237 240 247 335 456 457
gave 30 73 166 237 239 270 302 390 456 457 466 500 1111
gull 118 156 171 218 236 238 268 331 364 744 755 1542 1543
hail 46 121 148 181 226 380 388 400 411 594 614 1257 1544
hill 46 81 124 146 164 171 200 208 221 265 331 344 722
hone 6 42 49 102 169 298 342 367 461 590 725 940 1124
lads 47 83 212 246 248 345 349 368 667 694 833 1007 1563
lass 47 83 245 248 310 345 347 348 349 358 484 622 859
late 23 32 34 82 88 160 174 229 239 335 346 477 1276
lays 47 83 153 245 246 263 343 345 349 512 567 640 670
lobs 74 100 175 252 272 345 360 472 484 485 532 579 1011
lock 173 468 482 505 533 569 600 603 748 767 855 1702 1703
lost 48 176 348 355 356 377 484 602 611 743 822 1125 1139
lows 71 114 128 144 175 196 249 349 484 485 520 548 927
made 3 7 34 39 50 122 147 256 357 410 449 749 1129
maps 27 83 94 135 179 255 259 260 281 329 358 419 677
mars 3 22 40 63 179 254 294 358 448 470 495 606 607
maze 3 7 34 50 122 253 357 440 457 477 513 584 1405
mink 35 193 266 353 359 417 491 518 597 1025 1143 1281 1406
mite 9 34 35 126 187 428 490 648 747 960 1021 1135 1279
mops 43 128 202 210 254 360 361 363 375 493 589 1150 1280
naps 27 83 94 135 254 281 329 419 613 617 677 875 1146
nest 48 98 119 132 304 381 403 408 471 678 752 1412 1413
pack 173 291 308 463 497 505 508 522 621 624 757 853 1027
pays 10 53 153 248 343 368 371 512 567 620 622 640 670
pens 53 54 55 56 87 402 501 626 627 740 826 880 1121
pill 124 130 146 164 182 200 208 221 243 268 331 344 758
pink 56 84 193 257 353 417 504 518 597 629 632 757 1025
pugs 57 72 87 170 276 503 596 604 626 631 664 762 873
pull 118 130 156 171 218 236 241 265 364 744 755 758 1592
race 88 136 183 185 270 346 357 379 497 508 513 573 1597
rave 73 88 136 183 240 269 302 379 387 390 466 500 513
rent 54 97 120 141 145 161 287 381 407 459 563 770 890
robs 74 100 249 275 360 386 472 520 532 579 636 765 895
rode 91 92 158 188 274 385 387 555 636 749 753 895 1039
rope 78 92 112 188 273 342 374 385 387 483 493 519 895
rubs 189 217 272 276 277 536 540 591 631 700 765 897 1856
rugs 72 134 170 189 267 275 277 517 596 604 664 873 897
runs 87 106 189 197 203 275 276 462 638 769 770 897 1024
sage 36 59 107 190 191 237 279 379 390 543 619 1041 1728
sags 47 65 134 278 281 292 301 328 334 613 639 640 1728
sang 36 309 389 498 510 525 718 773 786 790 834 843 908
saps 27 83 94 135 254 260 279 329 393 419 639 640 677
seal 11 117 168 184 192 283 295 372 487 523 642 665 939
seam 11 192 282 288 290 523 641 651 659 775 810 891 1043
seep 37 285 286 391 424 524 625 641 696 730 801 998 1453
seer 11 37 284 286 311 321 391 502 524 641 999 1006 1062
sees 37 284 285 312 391 392 523 524 641 644 654 660 975
sent 54 97 120 141 145 161 192 271 407 459 563 643 1729
slam 283 290 394 395 527 528 529 651 775 779 906 962 1043
soot 104 176 341 362 384 396 455 539 900 1050 1305 1306 1309
swam 283 288 651 655 656 775 787 788 789 912 1043 1458 1459
tack 173 262 308 463 508 522 537 798 853 916 1054 1055 1315
tags 47 65 94 134 139 279 294 301 328 334 613 657 664
take 26 60 61 66 122 174 183 190 198 204 227 658 1747
tars 22 40 61 63 94 139 255 292 448 470 495 657 791
teal 117 140 168 184 282 372 401 487 659 665 792 913 939
teed 37 219 231 337 414 515 660 661 877 914 915 917 1183
tips 85 94 142 186 202 393 442 467 480 538 617 807 1465
tone 6 42 49 62 102 143 244 367 461 796 923 940 1320
vale 4 7 17 30 31 59 60 116 300 406 542 729 1061
vile 9 38 58 154 182 199 233 299 409 542 616 926 1190
wags 47 63 65 134 279 292 328 334 543 613 667 670 930
wave 1 73 95 204 240 270 390 410 466 500 543 936 1474
wear 11 24 76 80 90 131 140 307 326 366 458 1065 1066
west 48 98 119 132 145 261 381 403 408 471 673 678 1476
wide 20 38 64 91 315 410 646 662 674 721 808 929 931
wind 20 359 416 417 418 427 450 799 802 850 857 894 1068
year 11 24 76 80 90 131 140 303 326 366 458 1329 1763
back 150 173 206 262 291 463 508 522 558 680 853 950
bang 8 68 149 150 280 498 510 718 790 812 834 843
bass 12 22 65 68 152 153 207 246 358 430 622 680
beer 24 285 312 321 424 425 502 551 999 1006 1062 1078
bees 99 286 311 424 425 551 660 681 975 1077 1078 1504
bell 67 81 156 208 220 232 401 415 552 562 642 806
bend 97 149 327 416 422 427 479 489 643 661 682 925
bide 91 147 154 305 426 428 555 646 662 721 808 951
bold 101 339 429 454 492 564 582 663 682 781 948 1348
call 46 67 130 138 177 218 238 325 412 562 1353 1505
cash 109 123 152 319 330 347 511 545 566 583 774 1087
cast 109 178 318 348 370 435 703 822 832 924 1087 1661
cove 5 42 73 112 158 163 216 387 436 486 750 936
deer 76 219 285 311 502 696 999 1006 1062 1097 1229 1372
dies 223 442 446 538 628 698 741 827 971 974 1064 1364
dogs 70 175 215 223 324 444 473 587 698 699 709 1231
dons 6 62 111 223 323 444 534 826 830 1128 1231 1239
fall 46 67 130 138 164 177 226 232 236 238 317 412
fear 11 24 76 80 90 131 140 303 307 366 458 574
fend 231 314 416 450 479 489 643 661 711 925 1377 1673
gags 47 65 134 237 279 292 301 329 334 613 983 1537
gaps 27 83 94 135 254 260 281 328 419 456 677 983
gash 123 152 318 347 511 545 566 583 715 774 1387 1538
gill 124 146 164 200 208 221 238 241 243 265 344 1682
gore 5 19 21 33 51 79 105 137 143 461 549 1817
guts 25 57 115 172 189 460 462 475 496 618 847 1390
hags 47 65 134 167 170 279 292 301 328 587 613 717
hate 15 23 31 34 88 160 167 229 239 247 466 584
head 80 168 337 422 478 514 568 585 608 719 720 848
heed 37 219 231 296 336 414 515 719 720 877 992 1261
hire 15 64 126 165 195 222 404 420 721 723 849 1123
hold 169 316 454 492 564 582 588 663 719 781 1261 1549
hook 341 437 468 482 556 588 637 851 919 995 1023 1124
hoot 104 176 289 340 362 384 455 539 588 851 995 1125
hope 78 112 169 244 274 374 483 493 589 590 725 1692
jays 153 248 263 470 512 567 593 640 670 728 854 1130
kill 124 146 164 200 208 221 243 265 331 731 1399 1559
labs 47 83 211 245 246 248 249 349 593 657 693 875
lace 32 82 173 174 247 269 351 357 477 497 573 1268
lash 123 152 246 318 330 348 511 545 566 583 774 865
last 48 178 246 251 319 347 356 370 602 703 832 924
laws 47 83 245 246 248 252 345 371 639 805 854 1005
lets 55 99 392 460 485 546 595 615 666 739 740 859
lice 16 185 346 352 481 490 600 697 742 860 926 1022
lime 16 82 351 382 441 481 742 747 794 860 1009 1566
link 16 193 257 266 417 476 518 597 600 601 1025 1274
loon 176 482 557 610 846 863 878 1010 1012 1050 1275 1701
lose 33 49 188 224 251 376 483 484 486 590 754 1011
lust 48 180 251 348 433 521 571 602 716 856 865 1026
mace 3 7 34 50 122 253 256 269 346 490 497 573
mass 123 178 179 246 254 255 310 363 622 868 1017 1144
mind 35 257 306 427 450 489 491 850 857 871 894 1406
mobs 74 100 128 249 259 272 361 363 472 532 579 1280
moos 103 128 159 259 360 362 363 610 676 872 1280 1333
moot 104 176 289 341 361 384 455 539 610 611 872 1018
moss 128 259 358 360 361 430 484 611 797 1017 1144 1280
mull 118 124 156 171 177 218 236 241 268 744 755 874
mush 123 180 685 715 751 772 852 865 1020 1035 1408 1573
near 11 24 76 80 90 131 140 303 307 326 458 752
none 6 42 49 102 244 298 461 494 753 754 940 1149
pads 10 53 212 245 263 371 620 622 667 694 833 883
part 18 96 370 435 499 565 607 621 760 791 1027 1031
past 132 178 319 348 369 377 499 622 703 832 924 1027
paws 10 53 263 349 368 620 622 627 639 805 854 1029
peal 117 131 168 184 282 295 487 501 623 665 879 939
peek 391 502 623 624 625 671 764 858 879 881 1015 1110
pope 19 78 112 133 274 342 375 376 483 493 506 1032
pops 43 85 202 210 259 374 378 589 762 880 883 1150
pose 19 133 188 224 355 374 377 506 590 754 1034 1158
post 132 251 370 376 611 760 761 822 1034 1125 1158 1426
pots 10 55 57 86 113 375 386 405 444 474 485 883
rage 88 107 134 136 183 237 269 270 278 513 543 619
rail 121 148 181 226 242 388 400 411 594 614 763 1161
rest 48 98 119 132 261 271 304 403 408 471 521 678
rime 58 91 185 187 352 383 441 516 519 747 794 893
rise 58 91 185 187 188 382 516 519 674 771 1190 1726
root 104 176 289 341 362 455 539 637 896 1038 1165 1725
rote 88 92 187 188 225 273 274 386 387 895 1149 1472
rots 89 113 189 272 378 385 405 444 474 485 520 636
rove 92 163 188 270 273 274 320 385 486 750 895 936
sail 121 148 181 226 242 380 400 411 594 614 898 1174
sank 36 150 193 280 399 476 522 537 634 773 823 1198
save 36 59 73 190 191 240 270 278 302 466 500 1041
seek 37 284 285 286 373 524 641 671 764 858 1015 1110
sets 55 99 286 350 460 523 526 546 595 615 644 666
sips 85 186 194 281 297 442 467 480 526 617 807 1170
slag 288 395 527 528 529 655 707 778 1048 1053 1172 1299
slap 288 394 452 527 528 529 530 649 687 788 1173 1303
slot 289 528 531 649 777 778 900 907 1079 1155 1218 1309
sole 29 59 92 101 127 133 137 169 542 781 1049 1449
suck 399 522 533 558 570 603 612 645 798 1202 1314 1611
sunk 193 197 389 398 469 560 632 786 981 989 1003 1314
tail 121 138 148 181 226 242 380 388 411 594 614 1057
tell 81 138 200 220 232 295 313 415 562 642 795 806
tens 62 139 141 142 203 264 660 661 740 792 826 1121
test 48 98 119 132 141 261 304 381 408 471 678 1615
tire 61 64 126 143 165 195 199 222 338 420 662 794
tots 62 113 144 201 202 378 386 444 474 485 797 922
vane 8 14 32 36 44 50 52 95 299 409 1060 1061
vent 54 97 120 141 145 161 271 287 408 459 563 925
vest 48 98 119 132 261 304 381 403 407 471 678 924
vine 16 20 35 77 84 93 234 300 406 494 926 1190
wade 1 39 95 147 204 253 302 305 449 543 667 1129
wail 121 148 181 226 242 380 388 400 412 594 614 928
wall 46 67 130 138 146 177 238 317 325 411 415 1754
warn 1 63 96 205 421 544 668 669 804 824 1102 1200
weed 37 219 231 296 337 416 515 671 672 801 877 1067
well 81 146 220 232 313 401 412 562 642 673 806 1067
wend 145 306 314 327 414 479 489 643 661 799 925 1067
wink 20 193 257 266 306 353 418 518 597 802 1025 1196
wins 20 56 142 194 209 235 306 417 675 802 930 984
yaps 27 83 94 135 254 260 281 329 677 805 937 1485
aire 64 126 165 195 222 338 404 808 943 1336 1340
barn 2 22 151 206 413 814 816 824 1076 1102 1200
bead 24 69 314 336 423 478 514 550 568 608 810
bean 24 69 422 550 551 738 810 825 870 1066 1349
beep 284 311 312 425 551 625 696 730 801 998 1078
beet 69 97 98 311 312 424 551 552 705 1078 1277
bids 155 209 315 432 635 679 811 1007 1077 1134 1208
bind 149 209 306 314 359 450 682 850 857 894 1496
bite 23 154 155 187 258 315 648 951 960 1135 1653
bolt 101 104 316 552 554 688 815 1098 1266 1323 1348
boss 70 71 100 103 210 310 363 431 484 553 797
boys 70 71 100 103 153 210 430 553 686 922 1130
buds 25 72 106 157 426 559 686 911 972 1077 1409
bust 98 180 356 521 571 685 716 856 1026 1351 1352
card 0 40 151 205 435 464 599 691 957 965 1199
cart 0 40 96 319 369 434 565 607 791 957 966
coke 5 26 42 112 158 216 320 506 933 1330 1396
cook 159 340 482 556 637 689 690 820 919 1023 1091
cure 0 5 864 888 965 966 1093 1094 1181 1360 1361
dams 75 213 509 567 693 694 717 728 937 968 971
daze 28 44 75 116 160 256 445 457 477 513 584
dime 75 77 162 222 352 382 443 697 747 794 971
dips 85 186 297 322 393 467 480 617 698 807 971
dive 77 163 222 441 481 697 723 837 1111 1265 1795
dots 113 223 225 323 324 378 386 405 474 485 1231
doze 6 29 78 162 163 224 225 440 699 1517 1711
dues 223 322 654 692 700 726 897 972 974 1235 1236
dune 6 44 77 605 638 923 973 1100 1237 1267 1371
ears 22 40 63 255 294 470 495 572 1102 1666 1670
fade 39 45 147 227 228 229 253 410 573 833 1129
find 234 235 306 327 359 427 711 850 857 894 1377
fits 86 155 230 235 526 575 586 675 706 732 836
flap 395 453 576 577 578 687 707 708 976 1106 1108
flay 452 529 576 577 578 707 708 818 976 1154 1246
fold 316 339 492 564 581 582 663 711 712 781 1531
foot 104 176 289 341 362 384 539 580 712 841 1532
gape 30 108 166 237 239 240 329 457 658 1146 1264
gaze 30 166 237 239 240 256 440 456 477 513 584
gear 11 24 76 80 90 131 140 303 307 326 366
gent 54 97 120 141 145 161 271 287 407 563 1679
gets 55 99 333 350 392 546 595 615 666 1248 1381
gone 6 42 49 102 244 298 332 367 940 1114 1679
guns 87 106 197 203 277 333 847 984 989 1024 1390
hack 173 262 291 308 465 468 508 522 853 1119 1545
hard 15 151 205 434 465 599 720 991 1117 1118 1199
hark 15 206 463 464 606 621 695 736 1117 1118 1545
have 15 31 73 240 270 302 335 390 500 584 723
hips 85 186 297 393 442 480 586 589 617 807 1393
hock 250 340 463 505 533 569 748 767 855 1119 1124
hunk 399 560 632 981 989 996 997 1003 1124 1127 1263
jars 22 40 63 255 294 343 448 495 593 728 854
jest 48 98 119 132 261 304 381 403 408 678 856
jobs 74 100 249 272 360 473 474 532 579 593 1130
jogs 70 175 215 323 472 474 587 596 709 1000 1130
jots 113 378 386 405 444 472 473 475 485 595 1130
juts 25 57 115 172 189 333 474 496 595 596 618
lank 32 150 173 353 389 537 598 634 736 823 1198
laze 32 82 174 247 256 346 440 457 513 584 1272
lead 336 422 479 514 568 608 737 738 862 1136 1137
lend 120 314 327 416 478 489 598 643 661 740 925
lips 83 85 186 297 393 442 467 617 741 807 1007
live 16 351 352 443 486 723 742 837 860 1111 1265
look 176 250 340 354 437 556 637 863 919 1012 1023
lope 33 49 78 112 274 342 355 374 486 493 1011
loss 175 246 249 251 252 355 363 430 485 797 859
lots 113 175 249 252 350 378 386 405 444 474 484
love 33 49 163 320 355 387 481 483 750 936 1011
meal 117 168 184 282 295 372 488 608 665 870 939
meat 69 192 487 574 585 608 746 752 870 1018 1277
mend 314 327 359 416 479 608 643 661 925 1016 1839
mice 9 35 126 185 258 351 357 697 747 926 1022
mint 35 125 257 359 504 601 609 918 994 1279 1406
mold 127 316 339 454 564 582 663 781 871 872 1016
mope 51 78 112 127 259 274 342 374 483 749 750
nine 16 20 35 77 84 93 234 367 409 616 1022
oars 22 40 63 129 255 294 448 470 1415 1421 1576
outs 25 57 115 129 172 189 333 475 618 1421 1580
pace 17 18 52 262 269 346 357 500 573 619 1027
pang 52 53 280 309 499 510 629 718 790 834 843
pant 52 53 54 369 370 498 504 633 800 890 1027
pave 17 18 52 73 240 270 302 390 466 497 619
peas 55 131 264 372 523 623 626 627 792 880 1329
peer 131 285 311 321 373 625 879 999 1006 1062 1289
pigs 56 85 86 267 517 575 626 628 698 930 1000
pint 54 56 84 266 491 499 601 629 633 918 994
pock 250 262 468 533 569 624 748 757 767 855 885
poke 19 133 374 376 436 882 933 1295 1330 1396 1586
pump 683 701 727 745 768 784 1002 1423 1428 1592 1723
rack 173 262 269 291 308 463 522 634 767 853 1597
rams 89 134 135 213 439 512 717 728 889 893 937
rang 280 309 498 634 718 766 769 790 834 843 890
rash 123 152 318 330 347 545 566 583 772 774 1433
rays 89 134 135 153 248 263 343 509 567 640 670
raze 88 136 183 256 269 270 379 440 457 477 584
read 90 184 336 422 478 515 568 608 891 1037 1162
reed 37 219 231 296 337 414 514 764 877 892 1434
rife 58 91 185 187 382 383 519 860 929 1036 1601
rigs 134 186 276 503 575 635 698 765 893 930 1000
rink 193 257 266 353 417 597 634 766 894 1025 1726
ripe 58 91 185 186 187 274 382 383 516 931 1032
rows 71 114 128 144 196 252 272 386 548 636 927
rust 180 356 381 433 571 716 770 771 772 856 1026
sack 173 262 291 308 389 398 463 508 533 645 853
seas 11 192 282 283 286 392 501 644 792 1175 1329
seen 37 284 285 286 391 551 641 672 915 1132 1438
sing 93 193 194 280 629 766 786 802 828 908 1004
sits 86 155 194 392 393 451 586 648 675 732 1170
slab 288 394 395 528 529 576 787 907 1052 1167 1497
slat 192 288 394 395 396 527 529 577 653 777 789
slay 288 394 395 453 527 528 656 783 818 1154 1178
slip 395 649 777 903 906 1044 1106 1171 1217 1446 1498
slow 396 649 778 901 907 952 978 1047 1250 1304 1313
sobs 74 100 196 249 272 360 472 534 536 579 650
sock 250 398 468 505 522 569 645 748 767 855 1609
sons 62 111 194 196 197 324 532 650 908 1128 1239
sour 780 831 886 980 1059 1126 1201 1302 1311 1450 1451
subs 197 217 275 532 540 591 631 654 700 785 911
tank 139 150 291 389 476 634 790 823 1054 1055 1198
ties 142 201 297 322 628 660 741 917 1064 1465 1466
toot 104 176 289 341 362 384 455 919 920 921 1743
tubs 203 217 275 536 591 631 657 664 700 1470 1618
vats 10 12 41 89 129 167 179 230 572 666 1060
vole 29 92 101 127 133 169 299 300 397 1323 1472
wage 1 95 107 204 237 278 301 302 379 410 619
wary 1 63 96 205 413 668 669 1474 1482 1751 1755
wash 123 152 318 330 347 511 566 583 774 1197 1324
wets 55 99 350 392 460 595 615 666 675 1475 1756
wilt 38 125 146 647 673 722 731 793 1001 1068 1069
wows 71 114 128 144 196 252 520 676 927 932 1483
yore 5 19 21 33 51 79 105 137 143 332 1330
beak 24 69 422 423 623 737 810 913 950 1065
been 311 312 423 424 425 524 672 915 1078 1132
belt 69 97 98 313 425 429 673 746 835 1030
boas 70 71 100 103 210 430 431 554 1208 1211
boat 69 104 429 553 815 819 985 1018 1082 1211
bode 101 102 105 147 158 273 315 749 753 1500
book 103 104 340 437 482 557 637 813 919 1023
boon 103 104 354 556 610 813 814 846 878 1050
buck 308 398 560 570 603 612 798 950 1084 1202
bums 25 72 106 157 432 592 683 686 785 847
bunk 106 150 399 469 558 632 981 989 1003 1084
cafe 0 13 14 26 39 73 107 108 109 1041
cell 81 218 220 232 313 317 401 415 642 806
cent 54 97 120 141 145 161 271 287 407 459
cold 316 339 454 492 582 663 688 691 781 1221
dart 28 96 369 435 607 695 791 824 1362 1515
dash 123 152 318 330 347 511 545 583 774 1365
days 153 248 263 343 439 512 640 670 693 694
dead 76 117 219 336 422 478 514 608 825 1228
dock 250 468 505 533 570 748 767 855 970 1231
duck 398 558 569 603 612 798 970 1101 1202 1520
dust 180 356 433 521 716 856 1026 1101 1236 1520
eats 10 12 41 89 129 167 179 230 448 541
face 45 227 228 229 269 346 357 449 497 1375
feat 69 119 192 326 488 577 585 705 752 835
figs 235 451 503 517 698 706 709 836 930 1000
flab 452 453 527 577 578 707 708 976 1497 1529
flat 452 453 528 574 576 578 707 708 976 1528
flaw 452 453 576 577 707 708 838 976 978 1089
fobs 74 100 249 272 360 472 532 709 836 839
fool 455 689 710 712 759 842 920 979 1070 1109
ford 79 454 691 711 712 713 803 840 841 1013
gold 316 339 454 492 564 663 781 844 845 1386
hash 123 152 318 330 347 511 545 566 774 852
haze 15 31 256 335 440 457 466 477 513 1546
heat 69 80 168 192 336 488 574 752 848 1547
hits 86 155 167 172 451 467 526 675 732 1393
hogs 70 170 175 215 323 334 473 589 709 724
hood 339 340 341 712 845 851 872 934 995 1261
hops 43 202 210 259 342 375 467 587 724 1150
hose 169 188 224 244 342 355 376 725 754 1125
hubs 170 172 217 275 536 540 592 631 700 726
hums 170 172 559 591 717 726 727 785 847 1120
jabs 211 343 345 470 472 657 693 728 854 875
jail 121 148 181 226 242 380 388 400 411 614
jets 55 99 350 392 460 474 475 546 615 666
jugs 72 170 267 276 473 475 604 664 873 1000
kink 193 257 266 353 417 518 857 1004 1025 1133
land 32 149 476 479 599 733 773 799 991 1271
lard 151 205 434 464 598 733 736 1013 1199 1271
lick 173 250 351 353 603 645 757 916 1133 1196
lint 16 120 353 491 504 602 861 918 994 1274
list 48 251 348 356 601 609 861 1104 1249 1567
luck 173 250 398 558 570 600 612 798 1202 1404
lugs 47 72 170 175 267 276 596 664 739 873
lune 16 32 49 447 638 864 923 1141 1267 1276
mark 3 206 255 465 607 621 695 736 868 1410
mart 3 96 178 255 369 435 565 606 791 867
mead 336 422 478 487 488 489 514 568 870 1016
mist 125 178 180 491 602 611 1104 1144 1249 1279
moon 354 361 362 557 846 872 878 1019 1050 1145
most 178 180 251 362 363 377 609 822 1018 1125
muck 398 558 570 603 748 751 798 1202 1408 1410
nags 47 65 134 260 279 292 301 328 334 875
nail 121 148 181 226 242 380 388 400 411 594
nets 55 99 350 392 460 546 595 618 666 1147
nile 9 38 58 154 182 199 233 300 494 1022
nips 85 186 260 297 393 442 467 480 807 1284
nuts 25 57 115 172 189 333 475 496 615 1024
page 17 18 52 107 237 278 379 497 500 543
pals 10 17 53 130 263 368 371 622 983 1287
park 18 206 262 369 465 606 695 736 881 885
pass 10 53 246 263 310 358 368 370 371 620
peak 131 372 373 501 550 624 737 881 913 1065
peck 262 373 505 623 757 881 950 970 1119 1411
peep 284 373 424 502 696 730 801 879 998 1588
pegs 55 264 267 501 503 627 681 739 880 1398
pews 55 264 371 501 626 644 880 1096 1142 1147
pies 56 85 86 322 503 538 741 1064 1153 1289
ping 56 84 266 498 504 525 766 802 828 1004
poop 690 759 884 887 995 1012 1033 1157 1292 1428
pubs 57 87 217 267 275 536 540 591 700 762
punk 87 266 399 469 560 633 981 989 1003 1429
punt 54 87 499 504 632 770 997 1429 1430 1493
rank 150 389 476 508 510 518 537 823 890 1198
rids 91 186 426 517 636 679 765 893 1007 1134
rods 110 272 273 386 520 635 650 883 1113 1148
rook 340 384 437 482 556 767 896 919 1023 1038
rune 277 447 605 769 770 771 923 1039 1040 1267
saws 196 279 281 349 371 640 644 805 854 899
says 153 248 263 279 281 343 512 567 639 670
seem 37 283 284 285 286 391 524 914 1229 1452
sell 81 220 232 282 313 401 415 562 806 1730
send 37 287 314 327 416 479 489 661 773 925
sews 196 286 392 523 627 639 1096 1142 1147 1438
sick 193 398 522 533 600 757 916 1133 1169 1196
side 91 93 195 305 315 648 662 721 808 1444
silt 125 547 722 731 793 1001 1169 1300 1436 1443
site 93 187 195 258 428 526 646 960 1135 1444
slop 395 396 530 531 776 778 907 1033 1108 1312
sods 110 196 532 534 636 883 911 1113 1148 1610
spam 283 288 290 652 653 775 782 783 1043 1175
spar 11 651 653 780 782 783 910 1042 1175 1311
spat 192 528 651 652 782 783 789 1175 1176 1309
sues 197 286 446 536 692 726 785 897 911 1180
swag 290 394 656 787 788 789 912 1053 1172 1299
sway 290 529 655 783 787 788 789 912 1178 1645
tabs 94 139 211 292 294 345 540 593 693 875
tape 60 61 94 108 198 293 456 1146 1264 1471
team 140 283 295 792 810 891 913 914 1185 1460
tees 201 286 296 312 402 538 792 914 915 975
tend 141 296 314 327 402 416 479 489 643 925
tide 91 199 305 315 404 646 721 794 808 1740
told 316 339 454 492 564 582 781 795 1183 1319
tugs 72 170 203 267 276 292 540 596 604 873
veal 117 168 184 282 295 372 487 939 1625 1752
vets 55 99 350 392 460 541 546 595 615 1866
wads 63 212 245 301 368 410 670 694 833 1475
warm 1 63 96 205 413 544 669 1072 1117 1241
warp 1 63 96 205 413 544 668 957 1118 1324
ways 63 153 248 263 301 343 512 567 640 667
week 373 391 414 672 764 801 858 1015 1065 1110
ween 414 524 551 671 801 915 1066 1132 1193 1761
welt 145 304 415 547 552 746 835 1030 1067 1476
wise 20 38 64 305 383 929 931 1190 1197 1328
wits 86 155 418 451 526 546 586 732 930 1628
woos 103 159 361 548 932 934 935 1070 1333 1483
zaps 27 83 94 135 254 260 281 329 419 807
zest 48 98 119 132 261 304 381 403 408 471
aids 426 635 808 942 943 1007 1134 1339 1634
bask 150 152 206 207 308 310 868 1055 1087
begs 65 70 72 99 312 626 739 1077 1398
bond 102 149 314 316 427 711 812 953 1587
bump 507 559 701 727 745 768 784 1002 1085
bury 157 816 1085 1086 1214 1351 1535 1557 1652
bush 152 365 433 715 772 852 865 1035 1351
buys 25 72 106 153 157 431 432 559 1390
clap 395 452 817 818 961 962 1088 1089 1217
colt 429 564 819 822 1098 1221 1266 1323 1512
cool 159 437 580 690 759 920 963 1070 1090
coop 159 437 630 689 959 995 1012 1226 1660
cord 5 434 564 581 803 820 821 965 1013
cues 115 217 446 654 726 897 964 967 1511
dabs 211 345 439 567 593 657 694 700 875
dads 212 245 368 439 567 667 693 833 972
dark 28 206 465 565 606 621 736 823 824
deep 219 284 321 424 625 730 801 998 1229
dice 77 185 222 351 441 443 490 926 1022
digs 322 323 442 503 517 575 930 971 1000
doge 6 29 78 162 163 224 225 323 445
dubs 217 275 446 536 540 591 631 693 972
dump 507 683 727 745 768 784 968 1002 1665
fans 53 68 139 214 230 235 833 834 1060
fast 119 178 319 348 370 832 924 1104 1375
feel 231 232 705 879 892 975 992 1131 1534
feet 119 231 425 574 704 835 975 1277 1675
firs 165 235 451 575 836 943 1170 1243 1247
flag 394 452 453 576 577 578 708 976 1107
flan 452 453 576 577 578 707 817 976 1584
fogs 70 175 215 323 473 575 579 587 839
foil 226 580 842 963 979 1057 1080 1109 1174
fond 327 450 454 581 682 712 1377 1532 1587
food 454 455 580 581 588 711 845 872 934
form 79 581 840 841 1072 1241 1243 1530 1708
grim 1115 1116 1187 1254 1255 1350 1383 1389 1590
gush 330 365 685 716 772 852 865 1035 1387
gust 180 356 433 521 571 715 856 1026 1249
hams 167 213 334 439 509 592 728 937 1120
hang 280 309 498 510 790 834 843 991 996
held 81 336 337 339 720 993 1016 1067 1548
herd 336 337 464 719 849 1122 1259 1260 1706
hide 91 305 315 338 646 662 723 808 1123
hilt 125 243 547 647 731 793 990 994 1001
hive 338 443 466 481 721 837 1111 1123 1265
hoes 201 223 587 589 726 839 932 986 1261
home 162 169 216 244 342 590 796 1049 1691
hues 170 172 446 591 592 654 692 724 897
hump 507 592 683 701 745 768 784 1002 1392
jams 213 343 439 470 509 593 717 854 937
kale 4 7 17 30 31 59 60 116 299
keep 284 424 625 696 801 998 1131 1132 1558
kilt 125 344 547 647 722 793 1001 1399 1559
kits 86 155 451 526 586 675 1134 1135 1400
laid 598 599 734 898 1014 1028 1161 1269 1271
lain 733 756 763 866 982 1005 1188 1269 1275
lamp 82 745 889 956 968 1009 1270 1316 1402
lark 173 206 465 476 599 606 621 695 1404
leak 478 550 623 738 858 913 1065 1136 1137
lean 423 478 737 825 870 1010 1066 1136 1137
legs 47 175 350 604 626 681 740 859 1398
lens 120 264 350 402 479 739 826 859 1121
lies 322 480 538 628 1007 1008 1064 1273 1564
like 16 174 351 352 481 860 882 951 1123
lout 176 251 761 815 921 988 1139 1165 1403
lull 118 156 171 218 236 241 268 364 755
lump 507 683 701 727 735 768 784 1002 1009
melt 125 488 552 673 835 867 1016 1030 1277
mime 9 35 126 258 352 382 441 490 794
mock 250 468 505 533 569 612 767 855 1281
mode 51 127 158 253 273 493 555 750 753
move 51 127 163 320 387 486 493 749 936
musk 180 365 612 868 1020 1101 1127 1322 1410
neat 69 192 261 366 488 574 585 1412 1413
node 158 273 367 555 749 754 1148 1149 1414
nose 188 224 355 367 376 590 753 1149 1574
null 118 156 171 218 236 241 268 364 744
pain 181 734 763 866 982 1028 1029 1152 1188
pick 262 266 505 600 624 645 916 1133 1196
poll 130 133 265 268 759 795 829 1427 1435
pool 580 630 689 758 884 920 1070 1157 1292
port 19 369 377 761 841 885 1031 1306 1426
pout 377 743 760 815 886 921 988 1165 1426
pups 57 85 87 267 375 631 880 964 1593
rain 380 734 756 866 982 1161 1188 1599 1727
reek 373 391 515 671 858 892 1015 1110 1434
ribs 186 272 275 517 635 811 836 893 1284
ring 510 518 525 629 769 802 828 894 1004
rock 250 468 505 508 533 569 637 748 855
rump 507 683 701 727 745 784 889 1002 1602
rung 277 510 638 766 770 786 973 996 1141
runt 271 277 521 633 638 769 890 997 1493
ruse 188 383 521 638 772 1020 1039 1040 1378
rush 365 511 521 685 715 771 852 865 1035
sand 36 149 280 389 598 643 799 898 991
sash 123 152 318 330 347 511 545 566 583
scam 283 288 290 651 1042 1043 1167 1298 1437
shop 649 900 901 959 1044 1195 1312 1440 1441
slit 396 528 530 904 906 1171 1176 1457 1528
slog 394 396 531 649 907 1048 1107 1357 1732
slum 288 906 1048 1112 1291 1302 1437 1459 1491
soar 11 535 652 910 1042 1164 1173 1211 1609
sold 316 339 397 454 492 564 582 663 1449
span 651 652 653 783 912 1175 1177 1298 1308
spay 529 651 652 653 656 782 1175 1178 1858
sump 507 683 701 727 745 768 785 1002 1736
sums 197 536 559 592 654 784 847 911 1736
sung 197 280 399 525 769 908 973 996 1141
swab 290 527 655 656 788 789 912 1052 1167
swap 290 395 655 656 787 789 912 1173 1303
swat 192 290 528 653 655 656 787 788 912
tang 139 280 309 498 510 537 718 834 843
tart 61 96 294 369 435 565 607 1315 1614
teas 140 295 402 501 523 659 660 913 1329
tilt 125 199 200 547 647 722 731 918 1001
time 198 199 352 382 404 441 662 747 796
toll 138 200 401 663 758 829 920 1057 1435
tome 143 162 198 216 298 725 794 1049 1467
toss 62 144 201 202 363 405 430 484 922
tuck 291 398 558 570 603 612 916 1202 1322
wand 95 149 205 306 416 598 773 800 991
want 95 96 145 499 799 890 928 1191 1473
weep 284 414 424 625 671 672 696 730 998
wing 20 306 417 418 525 629 766 828 1004
word 21 205 581 691 804 934 1013 1071 1072
worn 21 413 803 814 821 1058 1071 1072 1394
yaws 349 371 419 639 854 937 938 1485 1486
yell 81 220 232 313 401 415 562 642 1630
zips 85 186 297 393 442 467 480 617 677
aide 91 305 315 420 646 662 679 721
babe 2 4 8 23 66 147 207 1782
beam 24 69 283 422 423 550 659 891
bibs 100 155 209 426 765 836 1208 1284
bong 102 309 682 830 908 953 1114 1140
boom 103 104 556 557 863 896 1232 1332
born 105 421 557 804 816 821 1058 1394
bout 104 429 554 743 761 921 988 1165
burn 157 421 684 814 1085 1086 1214 1620
clan 687 708 818 961 962 1089 1584 1789
clay 453 529 687 817 961 962 1089 1154
coat 554 688 822 985 1018 1090 1215 1509
cork 5 437 691 821 840 885 1071 1091
corn 5 691 804 814 820 1058 1220 1394
cost 251 319 377 611 688 819 1125 1661
dank 44 150 389 476 537 634 695 1198
darn 28 413 421 565 695 969 1102 1200
dean 76 117 423 568 738 870 1066 1228
dens 161 264 324 402 740 1096 1121 1363
died 219 322 917 1008 1063 1153 1238 1364
ding 77 525 629 766 802 830 973 1004
doll 29 118 220 221 758 795 1098 1435
dong 6 324 812 828 908 973 1114 1140
dour 535 886 980 1059 1097 1126 1201 1366
east 178 319 348 370 703 924 1103 1667
fads 212 230 245 368 449 667 694 702
fang 280 309 498 510 702 718 790 843
felt 119 232 552 574 673 705 746 1030
fibs 235 451 575 579 706 765 811 1284
five 165 233 234 443 481 723 1111 1265
flew 578 977 978 1047 1105 1209 1244 1245
foes 201 223 579 709 724 932 975 986
fork 79 581 713 820 841 885 1071 1531
fort 79 455 581 713 760 840 1306 1532
fowl 580 710 954 979 1109 1331 1395 1397
gang 280 309 498 510 718 790 834 1114
goad 582 845 862 985 1037 1319 1385 1683
good 582 588 712 844 846 872 934 987
goon 354 557 610 845 878 987 1050 1252
gums 333 462 559 592 785 1248 1390 1688
heap 80 168 336 585 993 1137 1162 1392
here 15 338 720 1122 1259 1260 1278 1325
hind 306 359 427 450 857 894 991 994
hoof 340 341 588 884 935 987 995 1038
hush 365 583 685 715 772 865 1035 1127
jack 173 262 291 308 463 508 522 855
jaws 343 349 371 470 593 639 728 805
jock 250 468 505 533 569 748 767 853
just 180 356 433 471 521 571 716 1026
kind 306 359 427 450 597 850 894 1004
leek 373 391 671 737 764 1006 1015 1110
less 48 246 350 484 739 740 1017 1506
life 16 351 352 481 516 742 861 929
lift 601 602 860 1036 1138 1139 1300 1382
load 478 844 1010 1013 1037 1319 1403 1568
loom 176 354 482 813 896 1012 1232 1332
lure 33 438 605 888 1181 1276 1404 1569
lush 347 356 365 685 715 772 852 1035
main 121 734 756 763 982 1014 1188 1570
malt 7 125 177 178 607 746 990 1436
mask 123 178 358 606 680 751 1055 1087
math 34 123 179 949 1288 1407 1416 1705
mean 423 487 488 608 738 825 1066 1145
mild 9 124 125 359 492 1016 1068 1143
mood 361 362 492 588 610 712 845 934
mugs 72 170 267 276 596 604 664 1409
mule 7 9 127 364 1020 1021 1040 1765
nabs 211 260 345 593 613 657 693 1284
name 13 75 82 166 191 198 228 1146
need 37 219 231 296 337 414 515 1706
noon 354 557 610 846 1023 1050 1843 1844
peel 372 373 502 625 704 892 992 1131
peps 55 85 264 375 501 626 627 762
perk 373 621 623 624 885 1031 1422 1833
pike 84 182 506 742 951 1032 1123 1295
pods 110 368 375 378 636 650 1113 1148
poof 630 759 851 935 987 1038 1157 1292
pork 19 505 621 760 820 840 881 1071
pour 535 761 831 980 1059 1126 1157 1201
prop 630 1033 1160 1226 1293 1519 1588 1591
pure 18 19 438 864 1181 1295 1431 1724
ramp 509 735 768 956 968 1316 1433 1602
rant 271 499 510 634 770 800 1296 1598
ream 90 184 283 514 659 810 1162 1163
reel 184 515 704 764 879 992 1131 1434
rims 186 382 509 517 635 765 942 971
rind 306 359 427 450 518 766 850 857
robe 92 188 272 273 274 385 387 1011
room 384 637 813 863 1038 1163 1232 1332
rues 189 275 276 277 446 654 692 726
said 388 733 773 1014 1028 1045 1161 1171
sawn 639 909 938 969 1005 1029 1242 1438
shot 289 396 776 901 1309 1440 1441 1605
show 531 776 900 1304 1313 1355 1440 1441
skin 903 904 1045 1046 1168 1301 1308 1768
skip 530 902 904 1044 1045 1046 1301 1446
skit 777 902 903 1045 1046 1176 1301 1457
sled 37 977 1047 1051 1171 1180 1347 1439
slim 288 530 777 779 1046 1171 1383 1458
slob 396 527 531 649 778 1210 1384 1447
song 280 525 534 786 812 830 1114 1140
sown 196 899 1019 1050 1184 1233 1252 1438
star 11 652 780 1042 1052 1053 1178 1859
suds 197 432 536 650 654 785 972 1409
swan 290 655 656 782 787 788 789 1298
teak 140 295 550 623 659 737 792 1065
teem 296 641 659 660 915 1229 1460 1463
teen 296 524 551 660 672 914 1056 1132
tick 291 600 645 757 798 1133 1196 1465
tied 296 538 827 1008 1063 1153 1183 1466
tint 141 142 491 504 601 793 994 1318
took 340 437 482 539 556 637 920 1023
tool 539 580 689 759 795 919 1057 1070
tout 539 743 761 815 988 1059 1165 1614
toys 62 144 201 202 405 431 797 1130
tune 203 298 447 605 638 1267 1470 1619
vast 178 319 348 370 408 703 832 1061
vend 314 327 407 416 479 489 643 661
vice 185 300 351 409 490 697 1022 1190
vows 71 114 128 144 196 252 520 548
wait 96 411 800 1191 1379 1473 1495 1762
wife 20 38 64 305 516 674 860 931
wigs 301 418 503 517 575 675 698 1000
wipe 20 38 64 305 519 674 929 1032
woes 201 223 548 676 724 839 986 1483
woke 21 204 436 506 936 1330 1396 1483
wood 588 676 712 803 845 872 935 1070
woof 676 851 884 934 987 1038 1070 1759
wove 21 163 302 320 387 486 750 933
yams 213 419 439 509 717 728 805 1485
yawn 805 899 969 1005 1029 1200 1242 1486
zeal 117 168 184 282 295 372 487 665
zone 6 42 49 102 244 298 367 461
aces 944 947 1073 1203 1204 1337 1552
aims 679 893 943 971 1074 1075 1339
airs 420 679 706 942 1170 1339 1340
ales 941 945 947 1074 1203 1204 1489
alts 944 946 1074 1337 1341 1489 1490
arts 945 1075 1206 1337 1341 1342 1641
axes 941 944 1203 1204 1344 1524 1780
bald 4 67 149 151 316 1207 1345
bath 12 23 152 869 1288 1416 1502
beck 308 550 558 624 970 1119 1411
bike 66 154 315 428 742 882 1123
blow 531 978 1079 1209 1210 1212 1250
bony 102 682 812 1156 1320 1500 1503
bowl 71 842 1080 1331 1346 1395 1397
bray 1081 1082 1159 1186 1246 1349 1484
camp 13 213 735 889 957 968 1316
carp 0 40 434 435 669 956 1118
chip 959 1044 1088 1194 1216 1217 1656
chop 690 776 958 1088 1195 1226 1355
cite 187 258 428 648 1094 1135 1658
clad 687 817 818 962 1089 1356 1683
clam 288 687 817 818 961 1089 1224
coil 689 710 1057 1080 1090 1174 1220
cups 27 43 115 217 692 762 967
curd 434 438 691 966 1093 1361 1511
curt 435 438 965 1093 1361 1512 1551
cuss 115 217 692 964 1506 1536 1788
damp 75 439 701 735 889 956 1316
dawn 824 899 938 1005 1029 1233 1242
deck 569 570 624 950 1119 1411 1663
dims 322 439 441 442 698 893 942
duds 432 446 694 700 911 1100 1409
dung 447 769 786 828 830 996 1141
dyes 223 322 446 1238 1240 1372 1504
fees 231 286 312 660 704 705 839
flak 452 453 576 577 578 707 708
fled 231 838 905 1105 1244 1245 1347
flow 531 578 838 952 1107 1108 1250
foal 580 710 842 1090 1109 1385 1530
four 535 831 886 1059 1109 1126 1201
funk 399 469 560 632 989 1003 1377
gain 734 756 763 866 1188 1255 1379
gals 30 238 328 329 620 1380 1381
gins 56 142 194 209 235 418 462
goat 554 819 844 988 1018 1385 1685
goes 201 223 724 839 932 1113 1686
goof 845 846 851 884 935 1038 1386
gout 743 761 815 921 985 1165 1540
gunk 399 462 469 560 632 981 1003
halt 31 46 722 867 1258 1391 1436
hand 149 464 598 718 773 799 850
heel 81 168 337 704 879 892 1131
help 81 719 848 1392 1548 1558 1630
hint 491 504 601 722 850 918 997
hoop 340 341 588 630 690 851 1012
hung 469 718 769 786 973 997 1141
hunt 469 633 770 994 996 1493 1551
jeep 284 424 625 696 730 801 999
jeer 285 311 321 502 998 1006 1062
jigs 473 503 517 575 596 698 930
jilt 125 547 647 722 731 793 1266
jump 507 683 701 727 745 768 784
junk 399 469 560 632 981 989 1267
king 525 597 629 766 802 828 857
lawn 349 734 899 938 969 1029 1242
leer 285 311 321 502 858 999 1062
lids 245 426 480 635 679 741 1134
lied 741 827 917 1063 1153 1273 1564
limp 352 735 745 1423 1566 1567 1627
loan 354 738 862 1145 1275 1297 1568
lobe 33 49 249 355 483 486 895
loop 176 354 482 630 690 863 995
lord 33 581 599 691 803 862 1403
maid 121 733 866 898 1028 1161 1570
meek 373 391 671 764 858 1110 1277
meld 489 492 608 719 746 871 1067
mess 358 363 859 1142 1144 1506 1573
moat 362 488 554 611 819 985 1145
mown 128 610 909 1145 1184 1233 1252
muse 180 365 751 771 874 1021 1378
mute 34 258 874 1020 1094 1276 1283
nice 185 351 490 494 616 697 926
nook 340 437 482 556 637 878 919
nuns 87 106 197 203 277 462 618
oink 193 257 266 353 417 518 597
oust 180 356 433 521 571 716 856
pact 262 369 370 497 499 1315 1375
paid 181 733 756 898 1014 1152 1161
pawn 371 756 899 938 969 1005 1242
pelt 54 132 552 673 746 835 1031
pert 54 132 369 760 881 1030 1422
pipe 84 85 182 374 519 882 931
plop 630 649 887 1108 1155 1290 1425
posy 376 377 1156 1158 1574 1586 1603
push 365 685 715 772 852 865 1158
rift 516 861 1296 1300 1382 1601 1725
road 514 844 862 1163 1164 1297 1319
roof 384 637 851 884 896 935 987
rude 91 273 638 771 1040 1100 1414
rule 58 92 638 771 874 1039 1765
safe 36 59 190 191 278 390 561
scar 11 652 775 780 910 1167 1298
sham 283 288 290 651 775 1299 1326
ship 530 776 903 958 1168 1194 1446
skid 898 902 903 904 1046 1171 1301
skim 902 903 904 906 1045 1301 1458
slew 531 838 905 1179 1209 1307 1607
slug 394 778 779 1302 1445 1448 1585
some 137 162 191 216 397 725 796
soon 289 354 557 610 846 878 909
sped 37 905 1180 1307 1310 1439 1735
stab 527 787 910 1053 1167 1178 1454
stag 394 655 910 1052 1172 1178 1299
talk 60 138 291 537 1055 1613 1754
task 291 537 680 868 1054 1087 1322
then 915 1182 1193 1317 1461 1463 1464
toil 400 710 795 920 963 1080 1174
torn 143 804 814 821 1184 1394 1620
tour 535 831 886 921 980 1126 1201
vans 53 68 139 214 406 541 702
vase 109 207 299 406 924 1103 1190
veer 285 311 321 502 999 1006 1189
vied 827 917 1008 1064 1153 1189 1626
vies 322 538 628 741 1063 1189 1626
weak 303 550 623 671 737 913 1066
wean 303 423 672 738 825 870 1065
weld 414 415 416 673 719 1016 1068
wild 38 146 306 547 871 1067 1069
wily 38 146 547 1068 1417 1482 1565
wool 580 676 689 759 920 934 935
work 21 803 804 820 840 885 1072
worm 21 668 713 803 804 1071 1708
aced 941 1335 1338 1343 1344 1693
alms 942 944 945 1075 1489 1669
arms 942 946 1074 1206 1342 1640
barb 2 22 151 206 421 1812
beds 99 312 426 432 681 1475
beef 311 312 424 425 551 1434
blot 104 396 952 1155 1210 1218
boil 148 710 954 963 1057 1174
brag 955 1082 1099 1349 1359 1650
brat 69 554 955 1081 1349 1367
brew 1209 1212 1225 1253 1369 1649
bulk 156 558 560 1263 1314 1651
burp 157 683 684 816 1086 1214
burr 157 684 816 1085 1214 1724
cask 109 318 319 680 868 1055
chap 687 958 959 1192 1215 1507
claw 578 687 817 818 961 962
coal 689 819 963 979 1385 1509
conk 42 111 437 820 1124 1281
crow 1160 1212 1225 1226 1256 1355
curl 218 438 965 966 1361 1550
cute 115 438 960 1021 1276 1360
deft 161 1138 1362 1513 1547 1662
dews 627 644 826 1142 1147 1514
doer 223 321 831 1366 1372 1686
dolt 29 429 688 829 1266 1323
drag 1081 1234 1359 1367 1368 1664
dude 447 972 1039 1237 1371 1414
dusk 570 571 751 1127 1322 1663
earn 413 421 448 824 1200 1666
ease 109 207 832 1061 1667 1805
fist 119 602 609 703 1249 1527
flee 838 977 1244 1245 1533 1539
flip 452 530 1108 1217 1498 1528
flog 707 778 978 1108 1357 1676
flop 452 649 978 1033 1106 1107
foul 580 710 842 979 980 1450
geek 373 391 671 764 858 1015
give 240 443 481 723 837 1265
glum 779 1251 1291 1383 1491 1540
gods 110 636 650 883 986 1148
gong 461 812 830 843 908 1140
grip 714 1116 1254 1255 1321 1518
grit 714 1115 1254 1255 1379 1762
harm 15 464 465 668 1118 1241
harp 15 464 465 669 957 1117
heck 463 468 624 950 970 1411
hems 592 717 1121 1122 1248 1392
hens 264 402 740 826 1120 1122
hers 720 849 1120 1121 1259 1260
hike 338 721 723 742 882 951
honk 244 340 468 469 1091 1281
host 251 341 377 590 611 822
hour 535 831 886 980 1059 1201
husk 469 751 852 1101 1263 1322
ions 62 111 324 534 1239 1695
jade 39 147 253 410 449 1264
joys 343 431 472 473 474 922
keel 704 730 879 892 992 1132
keen 524 551 672 730 915 1131
kick 597 600 645 757 916 1196
kids 426 635 679 732 1007 1400
kite 187 258 428 648 732 960
leaf 478 737 738 1137 1228 1568
leap 478 737 738 848 1136 1162
left 48 120 861 1095 1139 1547
loft 176 251 743 861 1138 1305
long 49 812 830 908 1114 1141
lung 605 769 786 973 996 1140
mews 128 627 644 1017 1096 1147
milk 9 124 125 257 871 1169
miss 358 363 609 1017 1393 1400
moan 610 870 1010 1018 1019 1297
nape 108 260 456 658 876 1264
news 615 627 644 1096 1142 1412
nods 110 636 650 753 883 1113
note 225 367 385 753 754 1472
oops 43 202 210 259 375 589
owes 1285 1419 1420 1581 1719 1720
pair 181 756 1028 1257 1269 1376
pied 628 827 917 1008 1063 1289
play 453 529 818 1159 1425 1584
plot 396 1033 1079 1218 1290 1425
pony 953 1034 1320 1429 1586 1587
poor 630 759 884 886 1292 1366
posh 376 377 1034 1035 1292 1387
pray 955 1154 1186 1246 1484 1589
prow 887 1092 1212 1256 1293 1591
raid 380 733 763 898 1014 1028
reap 90 184 514 848 891 1137
roam 891 896 1037 1164 1297 1530
roar 90 780 1037 1163 1211 1297
rout 384 743 761 815 921 988
ruff 1213 1227 1262 1282 1294 1601
scab 527 775 787 1042 1052 1298
shin 902 1044 1182 1216 1308 1442
silk 193 645 647 1143 1314 1443
sirs 194 195 393 526 706 943
slid 530 777 898 905 906 1045
snag 394 655 1053 1299 1303 1448
soap 395 780 788 1303 1451 1609
soil 388 710 963 1057 1080 1450
spas 523 651 652 653 782 783
spit 653 777 904 1308 1309 1457
spun 782 1308 1310 1311 1442 1456
stay 529 656 783 910 1052 1053
stew 1047 1307 1313 1452 1453 1607
sued 37 654 905 1051 1439 1511
sure 137 195 438 864 888 1612
thin 1056 1168 1216 1461 1621 1738
toed 201 296 663 917 1261 1319
town 144 909 1019 1058 1233 1252
tram 659 1186 1187 1224 1389 1468
tray 955 1159 1185 1246 1468 1484
trim 714 1185 1321 1350 1590 1741
vain 734 756 763 866 982 1623
vier 1062 1063 1064 1289 1466 1626
vise 300 383 409 674 926 1061
waft 96 800 928 1296 1362 1473
whap 1088 1194 1195 1326 1327 1760
when 672 1056 1477 1478 1479 1761
whip 958 1044 1192 1195 1480 1757
whop 776 959 1192 1194 1481 1758
wick 417 600 645 757 916 1133
wish 545 674 1328 1365 1527 1628
yank 150 389 476 537 634 823
yard 151 205 434 464 599 1200
yarn 413 421 824 938 1102 1199
your 535 831 886 980 1059 1126
yuck 398 558 570 603 612 798
ages 941 944 947 1204 1338
apes 941 944 947 1203 1774
arid 1254 1335 1492 1494 1639
arks 946 1075 1342 1556 1642
balm 4 67 948 1287 1353
bias 155 209 426 553 811
blew 838 952 1047 1083 1347
blob 907 952 1079 1384 1497
boar 24 553 554 780 1164
brow 952 1083 1092 1160 1256
buff 1166 1227 1262 1282 1294
burg 157 684 816 1085 1086
chat 819 1088 1327 1462 1507
chin 958 1168 1182 1220 1656
clip 530 687 958 1106 1498
clot 396 1079 1155 1356 1357
coda 110 158 1221 1358 1610
coin 821 963 1216 1275 1697
cola 564 688 1219 1348 1358
comb 216 1358 1467 1501 1629
crab 1224 1234 1359 1388 1787
cram 962 1185 1223 1359 1389
crew 1083 1092 1253 1354 1369
crop 690 887 959 1092 1519
cuff 1166 1213 1262 1282 1294
deaf 76 117 568 825 1136
deem 219 321 641 696 914
dial 117 221 1370 1600 1625
docs 223 323 324 444 569
doom 813 863 896 1332 1366
down 909 969 1019 1184 1252
drab 1099 1223 1367 1368 1388
duel 118 446 1236 1370 1534
duet 446 571 1235 1364 1520
duke 447 1100 1295 1371 1575
dyed 219 827 974 1372 1525
eons 62 111 324 534 1128
eyes 974 1374 1504 1524 1525
farm 45 668 713 1117 1243
fawn 899 938 969 1005 1029
firm 165 706 713 1241 1526
flea 838 977 1105 1245 1853
flex 838 977 1105 1244 1674
fray 453 955 1159 1186 1484
furs 157 706 1421 1535 1536
gems 460 847 1120 1381 1688
gist 602 609 716 1104 1382
glow 531 952 978 1256 1384
glue 1112 1499 1508 1539 1540
gown 846 909 1019 1184 1233
grew 1083 1225 1256 1369 1687
grid 714 1115 1116 1205 1255
grin 714 982 1115 1116 1254
grow 1092 1160 1212 1250 1253
hair 242 1152 1269 1376 1689
half 31 46 990 1391 1505
herb 720 849 1122 1260 1753
hero 720 849 1122 1259 1870
hoed 337 339 588 724 1183
huff 1166 1213 1227 1282 1294
hulk 171 469 1084 1127 1314
jape 108 456 658 1129 1146
jive 443 481 723 837 1111
jolt 429 688 1001 1098 1323
june 447 605 638 923 1003
lacy 173 346 1272 1563 1597
lair 733 734 1152 1257 1376
lama 82 735 1402 1700 1837
laud 598 599 733 1345 1403
lazy 477 1268 1405 1546 1563
lien 741 1008 1564 1701 1840
liny 16 353 601 1318 1565
loin 354 734 1010 1220 1697
lute 247 605 864 1021 1094
meet 425 488 705 746 1015
mere 3 51 126 849 1325
mitt 125 258 491 609 1283
moms 128 259 360 361 363
monk 257 748 1091 1124 1841
muff 1166 1213 1227 1262 1294
mutt 180 1021 1279 1352 1430
nibs 617 765 811 836 875
odes 1151 1419 1420 1553 1709
oven 1418 1522 1579 1582 1718
palm 17 130 620 1207 1353
path 10 869 949 1416 1424
pier 502 628 1153 1189 1466
plod 1033 1155 1293 1356 1425
plum 779 1112 1491 1585 1721
pooh 630 759 884 1157 1158
prod 887 1160 1290 1591 1742
puff 1166 1213 1227 1262 1282
puke 506 882 888 1237 1575
raft 890 1036 1191 1362 1598
roan 1010 1037 1145 1163 1164
scan 775 782 912 1042 1167
shag 394 655 1043 1053 1172
sift 647 861 1036 1305 1382
skis 902 903 904 1045 1046
slur 535 779 1048 1311 1648
snap 395 788 1172 1173 1446
snow 531 901 1313 1401 1447
soft 289 1139 1300 1306 1734
sort 137 289 760 841 1305
spew 1047 1051 1179 1607 1735
spin 782 902 1168 1176 1177
spot 289 396 653 900 1176
spud 1051 1177 1311 1455 1604
spur 535 652 1177 1302 1310
stop 649 776 1313 1453 1644
stow 531 901 1179 1304 1312
sulk 398 399 1084 1169 1263
tact 291 791 1027 1375 1614
tamp 198 735 889 956 968
thee 1056 1463 1464 1469 1477
tiny 142 918 1274 1320 1740
toad 663 844 862 1037 1183
tony 62 298 953 1156 1318
trip 1115 1187 1468 1518 1741
tusk 751 798 1055 1101 1127
volt 429 542 688 1098 1266
wasp 545 669 1328 1433 1538
were 1 21 64 849 1278
wham 1043 1192 1327 1480 1481
what 1192 1215 1326 1462 1478
wisp 674 1197 1324 1567 1627
yeas 307 501 523 792 1763
yoke 436 506 549 933 1396
yowl 842 954 1395 1397 1486
zoom 813 863 896 1232 1333
zoos 103 159 361 676 1332
ache 1336 1487 1488 1633
acid 1073 1205 1492 1494
acre 420 1334 1487 1488
acts 941 945 946 1341
aged 1073 1203 1343 1344
ails 679 942 943 1577
airy 420 943 1482 1646
ants 945 946 1337 1773
arcs 946 1075 1206 1775
awed 1073 1338 1344 1719
axed 947 1073 1338 1343
baud 149 151 948 1271
bawl 67 148 954 1486
bled 905 977 1209 1649
bola 101 316 429 1221
bran 423 955 1081 1082
brim 714 1187 1590 1650
busy 433 684 685 1652
butt 25 433 1283 1430
calm 317 1207 1287 1505
chew 1225 1355 1655 1852
chow 901 959 1092 1354
clod 961 1218 1290 1357
clog 778 1107 1218 1356
coma 216 1219 1221 1222
crag 1081 1099 1223 1224
cube 217 438 1094 1470
curb 438 965 966 1093
daft 565 1095 1191 1296
deny 161 826 1513 1514
diet 322 827 1236 1515
dish 566 1197 1527 1794
door 831 1097 1157 1232
drat 1082 1099 1234 1368
draw 1099 1234 1367 1369
drew 1083 1225 1253 1368
dual 117 118 1230 1235
dupe 78 447 1100 1237
dyer 321 974 1097 1238
emit 1668 1672 1806 1848
eves 1240 1522 1523 1524
fact 573 703 1027 1315
fair 226 1152 1257 1269
fund 327 450 711 981
fuse 771 1020 1536 1677
gait 928 982 1116 1495
gala 30 238 983 1537
gels 460 983 1248 1801
gift 861 1036 1249 1300
glim 714 906 1112 1684
glob 907 1210 1250 1684
goal 844 979 985 1090
golf 582 987 1542 1759
gosh 330 715 1158 1541
grab 1223 1234 1389 1818
gram 714 1185 1224 1388
guys 333 462 686 847
halo 31 46 990 1258
hemp 727 848 993 1120
hiss 467 586 1144 1400
horn 804 814 821 1058
howl 842 954 1331 1397
joke 436 506 933 1330
jowl 842 954 1331 1395
kegs 626 681 739 1835
kilo 344 731 1443 1559
kiss 732 1134 1144 1393
know 1304 1560 1561 1562
lamb 82 735 1270 1566
loud 743 862 1013 1271
lurk 603 736 864 1410
mazy 256 1272 1546 1571
mini 35 257 359 491
moth 869 1502 1541 1705
much 365 612 1611 1716
muds 432 873 911 972
murk 606 612 751 1404
neck 624 950 970 1119
newt 261 752 1147 1413
next 261 752 1412 1615
nude 753 1039 1100 1575
oaks 129 495 1485 1576
oath 129 869 949 1288
oily 1069 1565 1577 1849
omen 1286 1579 1582 1771
ones 1151 1285 1420 1578
ores 1151 1285 1419 1850
ours 157 495 496 1247
perm 881 1031 1460 1680
pimp 507 1009 1428 1627
pith 86 1288 1583 1628
ploy 1033 1154 1155 1290
poet 377 760 761 1854
polo 133 758 1449 1722
pomp 507 630 1423 1602
puny 87 632 633 1156
putt 57 633 1283 1352
pyre 18 19 888 1569
quit 1457 1594 1595 1596
rasp 511 889 1324 1538
reef 515 764 892 1078
roll 92 758 795 829
salt 59 647 867 990
scum 775 779 1459 1604
sewn 524 644 899 909
shed 37 905 1051 1180
shoe 776 900 901 1441
shoo 776 900 901 1440
shun 1168 1177 1456 1605
silo 647 1169 1399 1449
size 93 195 646 648
smug 1048 1448 1732 1733
snip 530 903 1044 1303
snob 907 1304 1561 1608
snug 1048 1172 1445 1608
solo 397 781 1427 1443
soul 535 1109 1174 1451
soup 535 1173 1450 1660
stem 641 1179 1453 1831
step 284 1179 1312 1452
stub 1052 1455 1456 1608
stud 1310 1454 1456 1604
stun 1177 1442 1454 1455
suit 777 904 1176 1432
swim 290 906 1046 1459
swum 290 779 1437 1458
term 659 914 1422 1680
than 1056 1182 1462 1737
that 1215 1327 1461 1737
them 914 1056 1317 1464
they 1056 1317 1463 1479
tics 142 297 538 916
tier 538 917 1189 1289
tomb 796 1222 1501 1629
trap 1185 1186 1321 1760
tree 1317 1533 1861 1862
tube 540 923 1360 1618
type 658 1692 1747 1863
vote 225 385 542 1149
watt 96 800 928 1191
wavy 302 544 1755 1842
weds 546 667 1077 1756
wept 145 304 673 1834
whee 1193 1317 1478 1479
whet 1193 1327 1477 1479
whey 1193 1464 1477 1478
whim 1194 1326 1481 1757
whom 1195 1326 1480 1758
wiry 64 544 1069 1340
woks 548 676 932 933
xray 955 1159 1186 1246
yaks 419 805 937 1415
yawl 805 938 1331 1346
acme 1334 1336 1488
acne 1334 1336 1487
alas 944 945 1074
alto 945 1770 1779
alum 779 1112 1291
amid 1205 1335 1494
aunt 633 770 997
avid 1205 1335 1492
bait 148 928 1379
bird 151 427 1681
blab 527 576 1210
blip 530 1106 1217
blue 1251 1508 1648
body 555 953 1503
bomb 1222 1467 1629
both 949 1407 1541
boxy 953 1500 1809
byes 312 974 1240
calf 317 1258 1353
cess 859 967 1017
char 1088 1215 1790
clue 1251 1499 1659
coax 819 1090 1819
copy 43 112 1516
cued 692 965 1180
cult 218 688 966
defy 1095 1363 1514
dewy 1096 1363 1513
dirt 222 565 1364
dopy 78 1510 1517
dozy 445 1516 1712
drip 1115 1321 1519
drop 887 1226 1518
duct 570 571 1236
duly 118 1698 1797
even 1286 1374 1523
ever 1374 1522 1718
exes 947 1240 1374
eyed 1238 1240 1803
film 164 233 1243
fish 1104 1197 1365
flit 577 777 1106
flub 576 1659 1674
foam 713 979 1163
folk 454 840 1868
font 455 711 841
free 1105 1469 1675
fuel 236 704 1235
fury 684 1247 1557
fuss 967 1247 1378
gaga 237 328 1380
gasp 330 1324 1433
glee 1105 1251 1814
glut 988 1112 1251
goth 1387 1407 1502
gulf 241 1386 1543
gulp 241 1542 1592
haul 46 242 1572
hawk 463 465 1813
hazy 584 1272 1405
heft 585 1095 1138
helm 81 719 993
holy 169 339 1691
hurl 171 1093 1551
hurt 966 997 1550
ices 941 1553 1693
ides 1285 1552 1822
inks 1556 1695 1827
into 1622 1710 1826
irks 1206 1554 1828
jury 684 1535 1698
kelp 730 993 1630
kiln 344 731 1399
knew 1401 1772 1836
knob 1401 1447 1562
knot 1401 1561 1699
lady 245 1268 1272
lieu 741 1008 1273
lily 1069 1274 1417
limb 352 1009 1402
lisp 602 1009 1328
loaf 862 1010 1136
lyre 33 864 1431
maim 121 866 1014
many 50 1405 1869
maul 121 177 1544
mesh 123 365 1017
nosy 754 1034 1603
nuke 1237 1295 1414
oafs 129 495 1415
oils 1339 1417 1581
onus 1419 1714 1816
open 1286 1418 1582
opts 129 496 1714
owls 1151 1577 1720
oxen 1286 1418 1579
pity 86 1424 1658
plan 708 817 1154
plug 1048 1291 1721
poky 506 1034 1156
pond 682 711 1156
prep 625 887 1589
prey 1159 1588 1687
prim 714 1187 1350
pros 887 1160 1293
pulp 268 507 1543
pupa 762 1723 1851
quid 1432 1595 1596
quip 1432 1594 1596
quiz 1432 1594 1595
racy 269 508 1268
rapt 135 890 1296
rein 763 1623 1727
rial 184 1230 1625
riff 516 1036 1166
romp 768 889 1428
rosy 188 1034 1574
scud 1310 1437 1455
shut 900 1442 1733
sigh 1690 1707 1857
skew 1047 1179 1307
snub 1447 1448 1454
soak 533 780 1173
soda 650 1219 1734
such 398 1408 1716
surf 1181 1731 1744
talc 60 138 1054
taut 791 921 1315
text 141 403 1413
thug 1617 1657 1739
thus 1616 1738 1739
tuba 540 1470 1619
tuna 203 923 1618
turn 816 1058 1744
twin 1182 1745 1746
unto 1555 1710 1864
vein 1188 1599 1752
very 1751 1753 1802
vial 665 1230 1600
view 1063 1064 1189
wimp 1009 1328 1423
with 675 1197 1424
womb 1222 1467 1501
yelp 806 993 1558
able 1632 1781
ably 1631 1769
achy 1334 1777
adds 679 1709
afar 1636 1637
agar 1635 1637
ajar 1635 1636
amps 1643 1824
aria 1205 1776
army 1075 1641
arty 946 1640
asks 1206 1643
asps 1638 1642
atop 1312 1778
away 656 1646
awry 1340 1645
beta 99 1871
blur 1302 1499
bred 1083 1347
brig 1081 1350
bulb 156 1084
buoy 684 1351
byte 23 428
cede 39 158
chef 1354 1786
chic 958 1216
chug 1616 1785
city 960 1583
club 1508 1529
coup 690 1451
cyst 319 822
debt 161 1095
desk 970 1101
drug 1099 1796
dumb 701 1845
earl 448 1102
easy 832 1103
edit 1373 1672
elms 1074 1804
errs 448 1807
etch 1696 1798
exit 1373 1668
feud 231 327
flux 1245 1529
fret 705 1533
frog 1107 1810
fume 228 1378
fuzz 1783 1808
gene 459 461
germ 1422 1460
gird 1496 1682
girl 331 1681
glad 844 961
glib 1383 1384
gnat 985 1815
goer 986 1097
grey 1253 1589
gyms 847 1248
heir 80 1257
high 1606 1707
homy 725 1549
hype 342 1471
iced 1073 1552
idle 1823 1830
inns 1128 1554
itch 1671 1825
join 1220 1275
july 1521 1557
knit 1562 1865
lava 1270 1832
lion 354 1273
loch 250 1703
loci 250 1702
logo 175 1722
myth 869 1407
nerd 720 877
nigh 1606 1690
norm 713 1072
odds 1285 1634
onto 1555 1622
ooze 445 1712
oozy 1517 1711
opal 1715 1717
opus 1578 1580
oral 1713 1717
ouch 1408 1611
oval 1713 1715
over 1286 1523
owed 1151 1343
owns 1151 1581
plus 1291 1585
pogo 1427 1704
puma 507 1593
purr 888 1086
riot 384 1036
risk 383 518
ruin 763 1599
sago 278 279
sect 192 287
self 642 1731
serf 1612 1730
smog 778 1445
smut 1445 1605
sofa 1305 1610
spec 1051 1307
sumo 784 785
thaw 1461 1462
this 1182 1617
thud 1616 1617
tidy 662 1318
trio 1187 1321
trod 1293 1743
trot 539 1742
turf 1612 1620
twig 1621 1746
twit 1621 1745
tyke 293 1471
used 1749 1750
user 1748 1750
uses 1748 1749
vary 544 1624
veil 665 1623
verb 1259 1624
walk 412 1054
waxy 544 1474
webs 546 1475
whir 1194 1480
whoa 1195 1481
wolf 935 1386
wrap 1192 1468
wren 672 1193
writ 928 1116
yeah 307 1329
yoga 1860 1867
yule 874 1040
abet 1767
abut 1766
akin 902
ally 1632
also 1490
amen 1418
anew 1560
ante 1341
apex 1204
arch 1342
area 1639
ashy 1633
atom 1644
auto 1490
axis 947
axle 1631
baby 809
buzz 1678
cagy 107
chum 1657
clef 1655
crib 1223
cusp 967
cyan 817
czar 1507
data 160
deli 220
demo 1838
disc 1365
diva 443
drum 1664
duty 1521
each 1671
edge 1800
edgy 1799
eels 1381
eery 1624
eked 1525
elks 1669
else 1103
emir 1373
eras 1670
fizz 1678
foxy 1503
from 1676
gamy 166
garb 1076
gawk 1545
glen 1539
gnaw 1685
gnus 1578
gory 332
grub 1388
hoax 1509
huge 170
icon 1829
idea 1553
idly 1694
imps 1638
inch 1696
info 1555
inky 1554
iris 1556
iron 1821
isle 1694
item 1452
java 1700
jerk 881
kept 1476
keys 1398
knee 1560
mama 1270
memo 1793
menu 489
mien 1273
mono 1281
navy 1474
neon 878
noun 878
numb 1665
ogle 1847
ogre 1846
omit 1373
only 1417
orbs 1420
papa 1593
phew 1354
plea 1244
poem 1426
rich 185
ruby 275
sign 1606
spry 783
stir 910
toga 1764
trek 1469
true 1469
typo 1471
undo 1622
unit 1699
veto 666
yogi 1764
yolk 1531
zany 1571
zero 1260
zeta 1647
afro
agog
ahoy
aloe
ammo
amok
anal
aqua
aura
avow
axon
crux
dodo
ebbs
echo
eggs
emus
ends
envy
epic
ergo
euro
evil
exam
expo
fern
fief
guru
gyro
hobo
hymn
ibex
idol
ills
imam
iota
jazz
jinx
judo
kiwi
levy
liar
lira
lynx
mega
meow
noel
obey
oboe
ohms
okay
once
onyx
orca
quay
redo
rely
revs
semi
sync
taxi
tech
thou
tofu
tuft
tutu
ugly
upon
urge
urns
void
yeti
yoyo
zinc
