495
bag 2 3 4 5 6 11 20 22 34 36 43 44 51 70 74 75 89 182 224 227 287 321
say 4 28 30 31 32 45 46 49 52 56 59 70 107 110 124 183 310 340 361 362 381 384
bad 0 3 4 7 10 11 13 18 22 30 34 42 48 73 77 84 86 118 226 287 321
bat 0 2 4 8 11 12 15 21 22 24 27 32 34 53 64 87 120 221 232 287 321
bay 0 1 2 3 11 22 28 34 45 46 49 52 56 59 124 165 183 228 287 321
bug 0 12 36 38 54 75 77 94 105 128 148 166 197 227 228 236 238 270 279 324
lag 0 18 19 20 43 44 45 51 70 74 89 95 137 141 178 182 224 238 268 304
mad 2 10 13 18 26 27 30 42 46 48 62 63 73 84 86 96 97 239 240 305
pat 3 9 15 21 24 27 28 32 48 64 65 66 68 69 87 99 146 221 232 359
pet 8 53 68 69 99 108 116 130 138 147 163 179 184 186 194 207 215 273 306 336
rad 2 7 13 18 20 21 29 30 42 48 49 73 84 86 100 101 102 149 152 307
bap 0 2 3 4 14 19 22 26 29 31 33 34 76 115 129 143 225 287 321
but 3 5 38 53 54 58 69 77 83 106 120 166 175 197 214 228 237 241 324
cad 2 7 10 14 15 18 30 39 40 42 48 73 78 79 80 84 86 167 229
cap 11 13 15 19 26 29 31 33 39 41 78 79 80 115 129 143 167 225 325
cat 3 8 13 14 16 21 24 27 32 39 64 78 79 80 83 87 167 221 232
cot 15 17 23 25 40 41 60 68 81 82 83 103 114 122 136 144 168 169 174
cow 16 23 37 40 41 47 50 57 61 72 80 81 82 104 122 145 164 168 280
lad 2 6 7 10 13 19 30 42 45 48 73 84 86 95 137 178 209 268 303
lap 6 11 14 18 26 29 31 33 45 95 115 129 137 139 142 143 178 225 268
rag 0 6 10 21 29 43 44 49 51 70 74 89 100 101 102 105 182 190 224
rat 3 8 10 15 20 24 27 29 32 49 64 87 100 101 102 103 106 221 232
bar 0 2 3 4 11 34 39 55 62 66 111 135 162 185 197 231 287 321
cob 16 17 35 40 41 78 81 82 92 122 123 140 151 155 168 173 180 208
hat 3 8 15 21 25 27 32 42 43 56 58 64 87 91 131 221 232 299
hot 16 24 57 58 60 68 91 92 93 103 114 133 134 136 144 169 174 204
map 7 11 14 19 27 29 31 33 46 62 63 96 115 129 143 181 225 239
mat 3 7 8 15 21 24 26 32 46 62 63 64 87 96 179 221 232 239
pay 1 4 8 45 46 48 49 52 56 59 65 66 124 146 183 338 359 426
rap 10 11 14 19 20 21 26 31 33 49 100 101 102 115 129 143 150 225
sad 1 2 7 10 13 18 31 32 42 48 70 73 84 86 107 156 275 381
sap 1 11 14 19 26 29 30 32 33 70 107 109 115 129 143 157 225 381
sat 1 3 8 15 21 24 27 30 31 64 70 87 107 108 191 221 232 381
tap 11 14 19 26 29 31 51 71 111 113 115 129 143 159 193 225 312 385
ban 0 2 3 4 11 22 54 65 71 79 96 101 119 170 287 321 342
bob 23 36 37 38 76 92 121 140 151 155 165 173 180 208 288 289 323
bog 0 5 35 37 75 76 121 122 133 141 165 200 227 233 235 289 323
bow 17 35 36 47 50 57 61 72 76 104 121 145 164 165 280 289 323
bub 5 12 35 54 77 123 153 166 176 197 202 218 228 243 288 313 324
car 13 14 15 22 55 62 66 78 79 80 111 135 162 167 185 231 291
cod 13 16 17 23 41 81 82 93 97 122 152 156 168 229 242 272 297
cop 14 16 17 23 40 76 81 82 113 122 134 142 157 168 181 188 325
had 2 7 10 13 18 24 30 43 48 56 73 84 86 93 131 132 299
hag 0 6 20 24 42 44 51 56 70 74 89 94 131 133 182 224 299
jag 0 6 20 43 51 59 70 74 89 135 182 205 206 224 234 235 236
lay 1 4 6 18 19 28 46 49 52 56 59 95 124 137 178 183 268
may 1 4 7 26 27 28 45 49 52 56 59 62 63 96 124 183 239
mow 17 37 50 57 61 63 72 97 104 145 164 180 181 212 269 280 377
pad 2 7 8 10 13 18 28 30 42 65 66 73 84 86 146 242 359
ray 1 4 10 20 21 28 29 45 46 52 56 59 100 101 102 124 183
sow 17 37 47 57 61 72 104 107 110 145 155 156 157 164 192 246 280
tag 0 6 20 33 43 44 70 71 74 89 111 182 193 224 279 312 385
way 1 4 28 45 46 49 56 59 73 74 124 162 183 343 344 364 409
bet 3 9 12 108 116 120 130 138 163 179 184 194 207 226 227 322
bun 5 12 34 38 77 119 166 189 197 217 219 228 265 295 324 357
far 22 39 62 66 86 87 111 135 162 170 185 231 260 292 329 353
hay 1 4 24 28 42 43 45 46 49 52 59 124 131 183 299 374
how 17 25 37 47 50 61 72 92 93 104 133 134 145 164 204 280
hut 12 24 25 69 83 91 94 106 175 176 177 214 237 241 266 401
jay 1 4 28 44 45 46 49 52 56 124 135 183 205 206 234 332
lot 16 25 61 68 103 114 136 138 140 141 142 144 169 174 210 211
low 17 37 47 50 57 60 72 95 104 140 141 142 145 164 211 280
mar 7 22 26 27 39 46 55 63 66 96 111 135 162 185 231 239
maw 7 26 27 46 47 62 80 95 96 102 107 146 206 239 250 269
oat 3 8 15 21 24 27 32 87 185 214 221 232 404 422 423 425
pan 8 28 34 48 66 71 79 96 98 101 146 147 170 189 342 359
par 8 22 28 39 48 55 62 65 111 135 146 162 185 231 336 359
pip 90 98 99 109 127 139 150 159 187 188 213 251 252 273 337 339
pot 8 9 16 25 60 69 99 103 114 136 144 169 174 188 242 406
put 8 9 12 58 68 83 99 106 148 175 189 214 237 241 243 339
sag 0 1 6 20 30 31 32 43 44 51 74 89 107 182 224 381
tan 33 34 51 65 79 96 101 111 112 158 170 193 247 312 342 385
tow 17 37 47 50 57 61 104 112 113 114 145 160 161 164 220 280
wad 2 7 10 13 18 30 42 48 52 74 84 86 162 314 343 344
wag 0 6 20 43 44 51 52 70 73 89 162 182 224 281 343 344
big 0 5 36 118 119 120 126 171 187 190 227 281 288 296 316
bop 11 35 36 37 41 113 121 134 142 157 165 181 188 289 323
bud 2 5 12 38 54 118 166 197 226 228 229 259 275 305 324
cab 13 14 15 23 39 79 80 123 137 167 193 205 256 262 271
can 13 14 15 34 39 65 71 78 80 81 96 101 167 170 342
caw 13 14 15 17 39 63 78 79 95 102 107 146 167 206 250
con 16 17 23 40 41 79 82 112 122 168 192 201 249 355 372
coo 16 17 23 40 41 81 121 122 161 168 211 212 222 298 365
cut 12 15 16 58 69 106 123 175 214 229 237 241 290 291 325
dad 2 7 10 13 18 30 42 48 73 86 124 125 256 257 259
din 88 98 119 125 126 127 154 158 198 201 248 258 263 267 326
fad 2 7 10 13 18 30 42 48 55 73 84 87 170 292 327
fat 3 8 15 21 24 27 32 55 64 86 170 172 221 232 292
fin 85 98 119 154 158 170 171 172 248 260 263 267 293 294 295
gag 0 6 20 43 44 51 70 74 129 182 224 262 296 354 373
hip 67 91 109 127 132 134 139 150 159 203 213 251 252 375 376
hit 24 25 58 90 99 120 132 172 191 203 210 282 302 375 376
hob 23 25 35 57 93 133 134 140 151 155 173 176 180 204 208
hod 25 40 42 57 92 97 132 133 134 152 156 204 242 272 297
hug 5 43 58 105 128 133 148 176 177 236 238 266 270 279 401
law 6 18 19 45 61 63 80 102 107 137 146 178 206 250 268
man 7 26 27 34 46 62 63 65 71 79 101 170 239 333 342
mod 7 40 47 93 152 156 180 181 212 240 242 272 297 305 377
pin 65 67 85 88 99 119 147 154 158 187 189 248 263 267 337
pit 8 9 67 68 69 91 98 120 172 187 191 210 282 302 337
ram 10 20 21 29 49 101 102 131 167 178 216 234 257 274 315
ran 10 20 21 29 34 49 65 71 79 96 100 102 170 217 342
raw 10 20 21 29 49 63 80 95 100 101 104 107 146 206 250
rot 16 21 25 60 68 104 106 114 136 144 151 152 169 174 244
row 17 37 47 50 57 61 72 102 103 145 151 152 164 244 280
rug 5 20 94 106 128 148 153 190 216 217 236 238 245 270 279
rut 12 21 58 69 83 103 105 153 175 214 216 217 237 241 245
saw 1 30 31 32 50 63 70 80 95 102 146 206 246 250 381
set 9 32 53 116 130 138 163 179 184 191 194 207 246 309 360
sip 31 67 90 127 139 150 154 157 159 191 213 251 252 382 383
soy 1 50 155 156 157 165 168 192 220 310 332 340 361 362 384
tar 22 33 39 51 55 62 66 71 135 162 185 193 231 312 385
ton 71 72 81 113 114 158 160 161 192 201 220 247 249 355 372
top 33 41 72 76 112 114 134 142 157 159 160 161 181 188 220
tot 16 25 60 68 72 103 112 113 136 144 160 161 169 174 220
yap 11 14 19 26 29 31 33 129 143 225 250 251 315 347 430
yet 9 53 108 130 138 163 179 184 194 207 223 284 346 347 410
are 196 253 254 255 285 286 318 319 320 369 379 394 414 419
bid 2 75 77 119 120 125 132 149 195 209 226 240 288 301
bin 34 54 75 85 88 98 118 120 154 158 248 263 267 288
bit 3 12 53 75 91 99 118 119 172 191 210 282 288 302
boo 35 36 37 76 82 161 165 211 212 222 289 298 323 365
cog 16 17 23 36 40 41 81 82 133 141 168 200 233 235
cub 23 38 78 83 153 176 202 218 229 243 290 291 313 325
day 1 4 28 45 46 49 52 56 59 84 183 256 257 371
did 84 85 118 126 127 132 149 195 198 209 240 258 259 301
dig 75 85 125 127 128 171 187 190 198 200 258 281 296 316
dip 67 85 90 109 125 126 139 150 159 198 213 251 252 258
dug 5 94 105 126 148 200 202 230 236 238 259 270 279 416
gap 11 14 19 26 29 31 33 89 115 143 225 262 354 373
get 9 53 108 116 138 163 174 175 179 184 194 207 398 417
ham 24 42 43 56 100 167 177 178 203 234 257 299 315 331
hid 42 90 91 93 118 125 149 195 203 209 240 301 375 376
hog 25 36 43 57 92 93 94 122 134 141 200 204 233 235
hop 25 41 57 76 90 92 93 113 133 142 157 181 188 204
jar 22 39 44 55 59 62 66 111 162 185 205 206 231 234
jot 16 25 60 68 103 114 144 169 174 207 208 235 237 332
lab 6 18 19 45 78 95 140 178 193 205 256 262 268 271
let 9 53 60 108 116 130 163 179 184 194 207 210 303 304
lip 19 67 90 109 127 142 150 159 209 210 213 251 252 356
lob 23 35 60 61 92 137 141 142 151 155 173 180 208 211
log 6 36 60 61 122 133 140 142 200 211 233 235 238 304
lop 19 41 60 61 76 113 134 139 140 141 157 181 188 211
nap 11 14 19 26 29 31 33 115 129 182 183 213 225 271
not 16 25 60 68 103 114 136 145 169 174 184 241 272 421
now 17 37 47 50 57 61 72 104 144 164 272 280 335 421
paw 8 28 48 63 65 66 80 95 102 107 186 206 250 359
pen 9 65 98 186 189 215 247 273 284 300 306 326 333 336
pug 5 69 94 105 128 187 189 215 236 238 243 270 279 339
rid 10 118 125 132 150 152 190 195 209 240 274 301 307 308
rip 29 67 90 109 127 139 149 159 190 213 251 252 274 308
rob 23 35 92 103 104 140 152 153 155 173 180 208 244 308
rod 10 40 93 97 103 104 149 151 156 242 244 272 297 307
rub 38 105 106 123 151 176 202 216 217 218 243 245 308 313
sin 85 88 98 109 119 158 191 192 219 248 263 267 382 383
sob 23 35 50 92 110 140 151 156 157 173 180 192 208 218
sod 30 40 50 93 97 110 152 155 157 192 242 272 275 297
sop 31 41 50 76 109 110 113 134 142 155 156 181 188 192
tin 71 85 88 98 112 119 154 159 247 248 263 267 278 428
tip 33 67 90 109 113 127 139 150 158 213 251 252 278 428
toe 72 112 113 114 161 199 204 220 244 261 277 278 283 407
too 72 82 112 113 114 121 160 211 212 220 222 298 365 485
war 22 39 52 55 62 66 73 74 111 135 185 231 343 344
wet 9 53 108 116 130 138 179 184 194 207 282 314 345 454
wow 17 37 47 50 57 61 72 104 145 222 249 280 283 429
boy 4 35 36 37 76 110 121 168 220 228 289 323 332
bum 5 12 38 54 77 177 197 216 228 264 311 324 334
cam 13 14 15 39 78 79 80 100 131 178 234 257 315
coy 16 17 23 40 41 81 82 110 122 165 220 332 370
dot 16 25 60 68 103 114 136 144 174 199 200 201 396
fan 34 55 65 71 79 86 87 88 96 101 292 295 342
fig 75 88 126 172 187 190 233 260 281 293 294 296 316
fit 87 88 91 99 120 171 191 210 260 282 293 294 302
fob 23 35 92 140 151 155 180 208 233 261 293 329 330
got 16 25 60 68 103 114 130 136 144 169 175 297 298
gut 12 58 69 83 106 130 174 214 237 241 264 265 418
hub 38 58 92 94 123 153 177 202 218 243 266 313 401
hum 58 94 131 166 176 203 216 264 266 311 331 334 401
lam 6 18 19 45 95 100 131 137 167 234 257 268 315
met 9 27 53 108 116 130 138 163 184 194 207 269 333
mob 23 35 47 92 97 140 151 155 173 181 208 212 377
mop 26 41 47 76 97 113 134 142 157 180 188 212 377
nag 0 6 20 43 44 51 70 74 89 143 183 224 271
nay 1 4 28 45 46 49 52 56 59 124 143 182 271
net 9 53 108 116 130 138 144 163 179 194 207 241 335
oar 22 39 55 62 64 66 111 135 162 231 405 422 423
pew 9 146 147 215 223 246 269 273 306 328 335 336 348
pig 67 75 98 99 126 148 171 190 215 281 296 316 337
pop 41 67 68 76 113 134 142 157 181 242 273 339 406
pun 54 65 69 98 147 148 217 219 243 265 295 339 357
rig 20 75 105 126 149 150 171 187 274 281 296 308 316
sit 32 91 99 108 109 120 154 172 210 282 302 382 383
son 50 81 110 112 154 155 156 157 201 219 249 355 372
tab 33 51 71 78 111 137 205 256 262 271 312 313 385
vet 9 53 108 116 130 138 163 179 184 207 221 387 453
aid 118 125 132 149 209 240 301 317 366 392 393 411
aye 117 253 254 255 285 286 319 320 349 350 380 395
bur 5 12 22 38 54 77 166 228 291 324 353 405
die 85 125 126 127 199 230 258 278 337 349 356 388
doe 160 169 198 200 201 204 230 244 261 283 349 396
dog 36 122 126 128 133 141 169 199 201 233 235 396
don 81 85 112 169 192 199 200 249 326 355 372 396
dub 38 123 128 153 176 218 230 243 256 259 313 416
him 90 91 131 132 177 258 274 317 331 375 376 389
hoe 25 57 92 93 133 134 160 199 244 261 266 283
jab 44 59 78 135 137 193 206 208 234 256 262 271
jaw 44 59 63 80 95 102 107 135 146 205 234 250
jet 9 53 108 116 130 136 138 163 179 184 194 237
job 23 35 92 136 140 151 155 173 180 205 235 332
lid 18 118 125 132 139 149 195 210 240 301 303 356
lit 60 91 99 120 138 139 172 191 209 282 302 356
loo 60 61 82 121 140 141 142 161 212 222 298 365
moo 47 82 97 121 161 180 181 211 222 298 365 377
nip 67 90 109 127 139 143 150 159 251 252 378 420
out 12 58 64 69 83 106 175 237 241 404 405 425
peg 9 147 148 186 187 227 273 304 306 336 387 403
rum 100 105 106 153 166 177 217 245 264 274 311 334
run 54 101 105 106 153 189 216 219 245 265 295 357
sub 38 123 153 155 176 202 219 243 275 276 311 313
sun 54 154 189 192 217 218 265 275 276 295 311 357
toy 72 110 112 113 114 160 161 165 168 332 363 408
vat 3 8 15 21 24 27 32 64 87 194 232 342
woo 82 121 161 164 211 212 249 283 298 365 429 455
yew 116 186 246 250 269 284 328 335 346 347 348 410
zag 0 6 20 43 44 51 70 74 89 182 225 316
zap 11 14 19 26 29 31 33 115 129 143 224 252
bed 2 53 77 118 227 303 307 314 322 327 341
beg 0 5 36 53 75 215 226 304 322 387 403
buy 4 5 12 38 54 77 165 166 197 324 418
cud 13 40 77 83 123 259 275 290 291 305 325
due 128 198 199 202 245 259 266 276 290 349 416
ear 22 39 55 62 66 111 135 162 185 232 461
eat 3 8 15 21 24 27 32 64 87 221 231
fog 36 122 133 141 171 173 200 235 261 329 330
jam 44 59 100 131 135 167 178 205 206 257 315
jog 36 44 122 133 136 141 200 208 233 236 332
jug 5 44 94 105 128 148 235 237 238 270 279
jut 12 58 69 83 106 136 175 207 214 236 241
lug 5 6 94 105 128 141 148 236 270 279 304
mas 7 26 27 46 62 63 96 299 343 354 478
mid 7 97 118 125 132 149 195 209 301 305 448
nut 12 58 69 83 106 144 175 184 214 237 357
pod 40 48 68 93 97 152 156 188 272 297 406
pub 38 69 123 148 153 176 189 202 218 313 339
roe 103 104 151 152 160 199 204 245 261 283 380
rue 105 106 153 216 217 230 244 266 276 290 380
sew 50 107 108 186 223 269 309 328 335 348 360
ten 71 112 147 158 277 284 300 326 333 341 386
win 85 88 98 119 154 158 249 263 267 281 282
won 81 112 164 192 201 222 248 283 355 372 429
yaw 63 80 95 102 107 115 146 206 223 315 430
yip 67 90 109 115 127 139 150 159 213 252 347
zip 67 90 109 127 139 150 159 213 225 251 316
ace 117 196 254 255 285 286 319 320 390 441
ale 117 196 253 255 285 286 319 320 412 413
awe 117 196 253 254 285 286 319 320 358 397
dab 78 84 124 137 193 202 205 257 262 271
dam 84 100 124 131 167 178 234 256 258 315
dim 85 125 126 127 198 203 257 274 317 389
dud 77 84 125 128 202 229 230 275 305 416
fir 55 88 171 172 293 294 329 353 382 392
foe 160 173 199 204 233 244 283 329 330 351
gab 78 89 129 137 193 205 256 271 354 373
gin 85 88 98 119 154 158 248 265 267 296
gum 166 175 177 216 265 311 334 398 418 463
gun 54 175 189 217 219 263 264 295 357 418
hue 58 94 176 177 204 230 245 276 290 401
kin 85 88 98 119 154 158 248 263 301 302
lax 6 18 19 45 95 137 178 292 312 344
mew 47 63 179 186 223 246 328 333 335 348
mug 5 94 105 128 148 236 238 279 305 334
nab 78 137 143 182 183 193 205 256 262 378
nod 40 93 97 144 145 152 156 242 297 421
pep 9 67 147 186 188 215 306 336 339 347
rim 100 149 150 190 203 216 258 308 317 389
sud 30 77 156 218 219 229 259 276 305 311
sue 218 219 230 245 266 275 290 309 311 427
tee 160 247 278 309 322 341 345 351 386 407
tie 158 159 160 198 277 337 356 388 407 428
tug 5 51 94 105 128 148 236 238 270 313
vow 17 37 47 50 57 61 72 104 145 164
wig 74 75 126 171 187 190 248 282 296 316
wit 91 99 120 163 172 191 210 248 281 302
woe 160 164 199 204 222 244 249 261 345 429
yen 116 147 223 247 300 326 333 346 347 410
age 117 196 253 254 255 286 319 320 431
ape 117 196 253 254 255 285 319 320 368
baa 0 2 3 4 11 22 34 321 323
bib 35 38 75 118 119 120 293 308 378
box 35 36 37 76 121 165 323 330 406
cue 83 123 229 230 245 266 276 291 325
cur 39 83 123 197 229 290 325 353 405
fax 55 86 87 170 268 294 312 330 344
fib 88 171 172 173 260 288 294 308 378
fix 88 171 172 260 292 293 330 383 448
fun 54 88 170 189 217 219 265 353 357
gig 75 89 126 171 187 190 263 281 316
god 40 93 97 152 156 174 242 272 298
goo 82 121 161 174 211 212 222 297 365
has 24 42 43 56 131 239 343 354 376
hen 147 247 284 326 331 333 374 399 400
kid 118 125 132 149 195 209 240 267 302
kit 91 99 120 172 191 210 267 282 301
led 18 138 209 226 304 307 314 327 341
leg 6 138 141 215 227 238 303 387 403
mud 7 77 97 229 240 259 270 275 334
pea 9 147 186 215 273 336 346 360 386
red 10 149 152 226 303 314 327 341 482
rib 149 150 151 153 190 274 288 293 378
see 108 246 276 277 322 345 351 360 427
shy 1 110 340 361 362 384 408 409 427
sum 166 177 216 218 219 264 275 276 334
tax 33 51 71 111 193 268 292 344 385
tub 38 123 153 176 193 202 218 243 279
wed 73 163 226 303 307 327 341 345 454
yam 100 115 131 167 178 234 250 257 430
zig 75 126 171 187 190 224 252 281 296
aim 195 203 258 274 366 389 392 394
art 117 367 368 369 390 391 394 414
ate 117 196 253 254 255 285 286 320
axe 117 196 253 254 255 285 286 319
bah 0 2 3 4 11 22 34 287
bee 53 226 227 277 309 345 351 395
boa 35 36 37 76 121 165 287 289
bus 5 12 38 54 77 166 197 228
cup 14 41 83 123 229 290 291 339
den 85 147 201 247 284 300 333 348
fed 86 226 303 307 314 328 341 351
few 186 223 246 269 327 335 348 351
for 55 173 233 260 261 330 353 421
fox 173 233 261 289 292 294 329 406
hem 131 177 203 300 374 398 399 400
joy 59 110 136 165 168 208 220 235
men 96 147 179 247 269 284 300 326
mum 166 177 216 264 270 305 311 377
new 145 184 186 223 246 269 328 348
per 9 66 147 186 215 273 306 399
pie 67 98 99 187 198 278 356 388
pry 28 352 363 364 370 371 426 468
pup 67 69 148 188 189 243 273 325
sly 1 110 310 361 362 384 426 440
ted 226 247 277 303 307 314 327 386
van 34 65 71 79 96 101 170 221
was 52 73 74 162 239 299 344 354
wax 52 73 74 162 268 292 312 343
wee 163 277 283 309 314 322 351 454
yea 116 223 284 306 347 360 386 410
yep 115 116 223 251 273 284 346 410
dew 186 223 246 269 326 328 335
dye 196 198 199 230 350 380 395
eye 196 349 380 395 397 434 439
fee 261 277 309 322 327 328 345
fry 338 363 364 370 371 440 462
fur 55 197 260 291 295 329 405
gas 89 129 239 262 299 343 373
ion 81 112 192 201 249 372 445
lie 139 198 209 210 278 337 388
nun 54 189 217 219 241 265 295
owe 255 379 397 424 451 452 467
pal 8 28 48 65 66 146 373
sea 108 246 306 309 346 386 469
sky 1 110 310 340 362 384 484
spy 1 110 310 340 361 384 469
try 220 338 352 364 370 371 408
wry 52 338 352 363 370 371 409
zoo 82 121 161 211 212 222 298
ail 195 317 392 412 420 450
ant 318 368 390 391 393 457
apt 286 318 367 390 391 425
ark 117 318 394 414 433 446
cry 168 338 352 363 364 371
dry 124 338 352 363 364 370
eon 81 112 192 201 249 355
gal 89 129 262 354 359 417
hey 56 300 331 399 400 465
hic 90 91 132 203 376 428
his 90 91 132 203 299 375
mom 47 97 180 181 212 334
nib 213 271 288 293 308 420
ore 117 358 419 424 451 481
rye 196 244 245 349 350 395
sac 1 30 31 32 70 107
sir 109 154 191 260 383 392
six 109 154 191 294 382 448
sty 1 110 310 340 361 362
tau 33 51 71 111 193 312
tea 247 277 306 341 346 360
veg 194 215 227 304 403 453
vie 198 278 337 356 389 470
vim 203 258 274 317 388 470
act 253 318 367 368 391
aft 318 367 368 390 404
air 195 260 317 366 382
and 195 367 411 457 473
arm 117 317 318 369 414
bye 196 322 349 350 380
doh 169 199 200 201 480
ewe 255 350 358 434 439
gem 130 264 331 417 463
her 300 331 336 374 400
hex 300 331 374 399 453
huh 58 94 176 177 266
ins 442 443 444 445 447
keg 215 227 304 387 465
oft 64 214 391 425 466
our 185 197 214 291 353
pox 68 188 242 289 330
the 160 277 278 408 427
thy 220 310 363 407 409
why 52 310 364 408 455
yes 116 223 284 346 347
add 195 393 449 456
all 254 366 413 475
alp 254 412 415 432
arc 117 318 369 394
asp 413 432 433 458
duo 128 202 230 259
gel 130 373 398 471
guy 175 228 264 265
ire 117 379 441 446
nil 213 366 378 450
nor 144 145 272 329
oaf 64 185 423 466
oak 64 185 422 430
ode 358 379 449 451
opt 64 214 368 404
ply 28 338 340 440
she 276 309 310 407
tic 158 159 278 375
wok 164 222 249 283
yak 115 250 315 423
ago 285 456 459
amp 413 415 476
ask 369 415 458
eke 350 397 439
elf 436 437 438
elk 435 437 438
elm 435 436 438
els 435 436 437
eve 350 397 434
fly 340 352 426
ice 253 419 464
ids 402 443 447
ifs 402 442 447
ink 402 445 446
inn 355 402 444
irk 369 419 444
its 402 442 443
mix 240 294 383
odd 411 424 479
oil 366 420 452
one 358 379 424
owl 358 450 467
vex 194 387 400
web 163 314 345
who 222 409 483
ado 411 431
any 367 393
ash 415 433
ego 431 472
era 461 474
err 231 460
fro 352 468
gym 264 398
icy 441 477
key 374 403
off 404 422
own 358 452
pro 338 462
spa 360 362
via 388 389
eel 417
egg 459
end 393
eta 460
ill 412
imp 432
ivy 464
mrs 239
old 449
ooh 396
orb 379
rev 307
rho 455
ski 361
two 161
aha
ebb
emu
gnu
ohm
ups
urn
use
you
